0.000000000000000000e+00
1.035840066293764162e-05
5.179200331468821318e-05
5.179200331468821318e-05
1.035840066293764264e-04
1.035840066293764264e-04
1.243008079552517062e-04
1.243008079552517062e-04
1.346592086181893461e-04
1.346592086181893461e-04
1.657344106070022659e-04
1.657344106070022659e-04
2.071680132587528527e-04
2.071680132587528527e-04
2.382432152475657725e-04
2.382432152475657725e-04
3.107520198881292520e-04
3.107520198881292520e-04
3.314688212140045318e-04
3.314688212140045318e-04
3.729024238657551458e-04
3.729024238657551458e-04
4.143360265175057055e-04
4.143360265175057055e-04
4.454112285063186252e-04
4.454112285063186252e-04
4.868448311580691849e-04
4.868448311580691849e-04
5.282784338098197446e-04
5.282784338098197446e-04
5.386368344727573846e-04
5.386368344727573846e-04
5.489952351356950245e-04
5.489952351356950245e-04
5.593536357986326644e-04
5.593536357986326644e-04
5.697120364615703043e-04
5.697120364615703043e-04
5.800704371245079443e-04
5.800704371245079443e-04
5.904288377874455842e-04
5.904288377874455842e-04
6.111456391133208640e-04
6.111456391133208640e-04
6.215040397762585040e-04
6.215040397762585040e-04
6.422208411021337838e-04
6.422208411021337838e-04
6.525792417650714237e-04
6.525792417650714237e-04
6.629376424280090637e-04
6.629376424280090637e-04
6.732960430909468120e-04
6.732960430909468120e-04
6.940128444168220919e-04
6.940128444168220919e-04
7.043712450797597318e-04
7.043712450797597318e-04
7.147296457426973717e-04
7.147296457426973717e-04
7.250880464056350116e-04
7.250880464056350116e-04
7.768800497203232113e-04
7.768800497203232113e-04
7.872384503832608512e-04
7.872384503832608512e-04
8.079552517091361311e-04
8.079552517091361311e-04
8.390304536979490508e-04
8.390304536979490508e-04
8.908224570126372505e-04
8.908224570126372505e-04
9.011808576755748904e-04
9.011808576755748904e-04
9.115392583385125303e-04
9.115392583385125303e-04
9.322560596643878102e-04
9.322560596643878102e-04
9.426144603273254501e-04
9.426144603273254501e-04
9.529728609902630900e-04
9.529728609902630900e-04
9.633312616532007299e-04
9.633312616532007299e-04
9.840480629790761182e-04
9.840480629790761182e-04
9.944064636420136497e-04
9.944064636420136497e-04
1.015123264967888930e-03
1.015123264967888930e-03
1.025481665630826678e-03
1.025481665630826678e-03
1.035840066293764209e-03
1.035840066293764209e-03
1.056556867619639489e-03
1.056556867619639489e-03
1.066915268282577238e-03
1.066915268282577238e-03
1.118707271597265329e-03
1.118707271597265329e-03
1.129065672260203077e-03
1.129065672260203077e-03
1.149782473586078357e-03
1.149782473586078357e-03
1.170499274911953637e-03
1.170499274911953637e-03
1.191216076237828917e-03
1.191216076237828917e-03
1.201574476900766448e-03
1.201574476900766448e-03
1.211932877563704197e-03
1.211932877563704197e-03
1.222291278226641728e-03
1.222291278226641728e-03
1.232649678889579476e-03
1.232649678889579476e-03
1.243008079552517008e-03
1.243008079552517008e-03
1.253366480215454756e-03
1.253366480215454756e-03
1.263724880878392288e-03
1.263724880878392288e-03
1.274083281541330036e-03
1.274083281541330036e-03
1.284441682204267568e-03
1.284441682204267568e-03
1.294800082867205316e-03
1.294800082867205316e-03
1.305158483530142847e-03
1.305158483530142847e-03
1.315516884193080596e-03
1.315516884193080596e-03
1.325875284856018127e-03
1.325875284856018127e-03
1.336233685518955876e-03
1.336233685518955876e-03
1.356950486844831156e-03
1.356950486844831156e-03
1.398384089496581715e-03
1.398384089496581715e-03
1.408742490159519464e-03
1.408742490159519464e-03
1.419100890822456995e-03
1.419100890822456995e-03
1.450176092811270023e-03
1.450176092811270023e-03
1.460534493474207555e-03
1.460534493474207555e-03
1.491609695463020583e-03
1.491609695463020583e-03
1.512326496788895863e-03
1.512326496788895863e-03
1.522684897451833394e-03
1.522684897451833394e-03
1.533043298114771143e-03
1.533043298114771143e-03
1.553760099440646423e-03
1.553760099440646423e-03
1.605552102755334514e-03
1.605552102755334514e-03
1.626268904081209794e-03
1.626268904081209794e-03
1.636627304744147542e-03
1.636627304744147542e-03
1.667702506732960353e-03
1.667702506732960353e-03
1.678060907395898102e-03
1.678060907395898102e-03
1.688419308058835633e-03
1.688419308058835633e-03
1.698777708721773382e-03
1.698777708721773382e-03
1.719494510047648661e-03
1.719494510047648661e-03
1.781644914025274501e-03
1.781644914025274501e-03
1.792003314688212032e-03
1.792003314688212032e-03
1.802361715351149781e-03
1.802361715351149781e-03
1.823078516677025061e-03
1.823078516677025061e-03
1.905945721980526180e-03
1.905945721980526180e-03
1.916304122643463928e-03
1.916304122643463928e-03
1.926662523306401460e-03
1.926662523306401460e-03
1.947379324632276740e-03
1.947379324632276740e-03
1.957737725295214271e-03
1.957737725295214271e-03
1.968096125958152236e-03
1.968096125958152236e-03
1.999171327946964831e-03
1.999171327946964831e-03
2.009529728609902796e-03
2.009529728609902796e-03
2.030246529935777859e-03
2.030246529935777859e-03
2.071680132587528419e-03
2.071680132587528419e-03
2.092396933913403916e-03
2.092396933913403916e-03
2.102755334576341447e-03
2.102755334576341447e-03
2.164905738553967070e-03
2.164905738553967070e-03
2.185622539879842566e-03
2.185622539879842566e-03
2.195980940542780098e-03
2.195980940542780098e-03
2.237414543194530658e-03
2.237414543194530658e-03
2.247772943857468623e-03
2.247772943857468623e-03
2.320281748498031777e-03
2.320281748498031777e-03
2.403148953801532896e-03
2.403148953801532896e-03
2.475657758442096484e-03
2.475657758442096484e-03
2.506732960430909513e-03
2.506732960430909513e-03
2.517091361093847044e-03
2.517091361093847044e-03
2.631033768386161192e-03
2.631033768386161192e-03
2.651750569712036255e-03
2.651750569712036255e-03
2.662108970374974220e-03
2.662108970374974220e-03
2.672467371037911751e-03
2.672467371037911751e-03
2.703542573026724780e-03
2.703542573026724780e-03
2.713900973689662311e-03
2.713900973689662311e-03
2.724259374352599843e-03
2.724259374352599843e-03
2.765692977004350402e-03
2.765692977004350402e-03
2.807126579656100962e-03
2.807126579656100962e-03
2.889993784959602081e-03
2.889993784959602081e-03
2.910710586285477578e-03
2.910710586285477578e-03
2.931427387611352641e-03
2.931427387611352641e-03
3.024652993577791726e-03
3.024652993577791726e-03
3.086803397555417348e-03
3.086803397555417348e-03
3.117878599544230377e-03
3.117878599544230377e-03
3.128237000207167908e-03
3.128237000207167908e-03
3.138595400870105440e-03
3.138595400870105440e-03
3.221462606173606993e-03
3.221462606173606993e-03
3.252537808162419587e-03
3.252537808162419587e-03
3.273254609488295084e-03
3.273254609488295084e-03
3.366480215454733735e-03
3.366480215454733735e-03
3.459705821421172386e-03
3.459705821421172386e-03
3.563289828050549002e-03
3.563289828050549002e-03
3.635798632691112590e-03
3.635798632691112590e-03
3.718665837994613709e-03
3.718665837994613709e-03
3.729024238657551241e-03
3.729024238657551241e-03
3.739382639320488772e-03
3.739382639320488772e-03
3.842966645949865388e-03
3.842966645949865388e-03
3.894758649264553479e-03
3.894758649264553479e-03
4.091568261860368746e-03
4.091568261860368746e-03
4.215869069815620859e-03
4.215869069815620859e-03
4.246944271804433020e-03
4.246944271804433020e-03
4.298736275119121979e-03
4.298736275119121979e-03
4.340169877770872105e-03
4.340169877770872105e-03
4.350528278433810070e-03
4.350528278433810070e-03
4.474829086389061315e-03
4.474829086389061315e-03
4.495545887714937246e-03
4.495545887714937246e-03
4.526621089703749407e-03
4.526621089703749407e-03
4.547337891029625337e-03
4.547337891029625337e-03
4.557696291692562435e-03
4.557696291692562435e-03
4.568054692355500400e-03
4.568054692355500400e-03
4.661280298321939485e-03
4.661280298321939485e-03
4.723430702299564674e-03
4.723430702299564674e-03
4.785581106277190730e-03
4.785581106277190730e-03
4.806297907603065793e-03
4.806297907603065793e-03
4.858089910917753884e-03
4.858089910917753884e-03
4.868448311580691849e-03
4.868448311580691849e-03
5.085974725502382179e-03
5.085974725502382179e-03
5.106691526828258110e-03
5.106691526828258110e-03
5.303501139424072509e-03
5.303501139424072509e-03
5.355293142738761468e-03
5.355293142738761468e-03
5.396726745390511594e-03
5.396726745390511594e-03
5.427801947379324622e-03
5.427801947379324622e-03
5.479593950694012713e-03
5.479593950694012713e-03
5.676403563289827980e-03
5.676403563289827980e-03
5.686761963952765946e-03
5.686761963952765946e-03
5.956080381189144367e-03
5.956080381189144367e-03
6.152889993784959634e-03
6.152889993784959634e-03
6.246115599751398718e-03
6.246115599751398718e-03
6.266832401077273781e-03
6.266832401077273781e-03
6.308266003729023907e-03
6.308266003729023907e-03
6.391133209032525027e-03
6.391133209032525027e-03
6.536150818313652203e-03
6.536150818313652203e-03
6.712243629583592407e-03
6.712243629583592407e-03
6.805469235550031491e-03
6.805469235550031491e-03
6.981562046819970828e-03
6.981562046819970828e-03
7.054070851460534849e-03
7.054070851460534849e-03
7.126579656101098004e-03
7.126579656101098004e-03
7.250880464056350116e-03
7.250880464056350116e-03
7.385539672674539327e-03
7.385539672674539327e-03
7.623782887922104720e-03
7.623782887922104720e-03
7.996685311787859324e-03
7.996685311787859324e-03
8.079552517091361311e-03
8.079552517091361311e-03
8.607830950901181055e-03
8.607830950901181055e-03
8.877149368137559476e-03
8.877149368137559476e-03
1.043090946757820568e-02
1.043090946757820568e-02
1.170499274911953637e-02
1.170499274911953637e-02
1.188108556038947571e-02
1.188108556038947571e-02
1.262689040812098665e-02
1.262689040812098665e-02
1.367308887507768730e-02
1.367308887507768730e-02
1.382846488502175245e-02
1.382846488502175245e-02
1.434638491816863509e-02
1.434638491816863509e-02
1.435674331883157219e-02
1.435674331883157219e-02
1.494717215661901799e-02
1.494717215661901799e-02
1.592086181893515723e-02
1.592086181893515723e-02
1.623161383882328404e-02
1.623161383882328404e-02
1.673917547130723132e-02
1.673917547130723132e-02
1.730888750776880119e-02
1.730888750776880119e-02
1.747462191837580170e-02
1.747462191837580170e-02
1.810648435881499763e-02
1.810648435881499763e-02
1.814791796146674949e-02
1.814791796146674949e-02
1.816863476279262368e-02
1.816863476279262368e-02
1.889372280919825869e-02
1.889372280919825869e-02
2.024031489538015427e-02
2.024031489538015427e-02
2.068572612388647203e-02
2.068572612388647203e-02
2.204267661073130297e-02
2.204267661073130297e-02
2.226020302465299416e-02
2.226020302465299416e-02
2.274704785581106378e-02
2.274704785581106378e-02
2.392790553138595538e-02
2.392790553138595538e-02
2.429044955458877289e-02
2.429044955458877289e-02
2.449761756784752526e-02
2.449761756784752526e-02
2.450797596851046062e-02
2.450797596851046062e-02
2.465299357779159040e-02
2.465299357779159040e-02
2.642428009115392606e-02
2.642428009115392606e-02
2.742904495545887833e-02
2.742904495545887833e-02
2.830950901180857848e-02
2.830950901180857848e-02
2.893101305158483558e-02
2.893101305158483558e-02
3.019473793246322743e-02
3.019473793246322743e-02
3.105448518748705339e-02
3.105448518748705339e-02
3.332297493267039751e-02
3.332297493267039751e-02
3.382017816449140596e-02
3.382017816449140596e-02
3.397555417443546416e-02
3.397555417443546416e-02
3.585042469442718122e-02
3.585042469442718122e-02
3.664802154547337765e-02
3.664802154547337765e-02
3.785995442303708575e-02
3.785995442303708575e-02
3.857468406877977846e-02
3.857468406877977846e-02
3.915475450590429063e-02
3.915475450590429063e-02
3.919618810855603902e-02
3.919618810855603902e-02
3.975554174435467353e-02
3.975554174435467353e-02
4.233478350942614793e-02
4.233478350942614793e-02
4.330847317174228023e-02
4.330847317174228023e-02
4.386782680754091474e-02
4.386782680754091474e-02
4.563911332090325040e-02
4.563911332090325040e-02
4.612595815206132349e-02
4.612595815206132349e-02
4.776258545680547168e-02
4.776258545680547168e-02
4.902631033768386354e-02
4.902631033768386354e-02
4.964781437746011716e-02
4.964781437746011716e-02
5.302465299357779493e-02
5.302465299357779493e-02
5.406049305987155329e-02
5.406049305987155329e-02
5.598715558317795410e-02
5.598715558317795410e-02
5.714729645742697151e-02
5.714729645742697151e-02
5.984048062979076266e-02
5.984048062979076266e-02
6.365237207375180895e-02
6.365237207375180895e-02
6.497824735860782686e-02
6.497824735860782686e-02
6.507147296457427288e-02
6.507147296457427288e-02
6.903874041847939125e-02
6.903874041847939125e-02
6.961881085560389648e-02
6.963952765692976721e-02
6.993992127615496213e-02
6.996063807748083285e-02
7.098611974311166972e-02
7.100683654443754045e-02
7.333747669359851062e-02
7.333747669359851062e-02
8.584006629376424169e-02
8.586078309509011242e-02
8.643049513155168229e-02
8.643049513155168229e-02
9.292521234721358436e-02
9.294592914853946897e-02
9.555624611559974946e-02
9.555624611559974946e-02
9.888129272840273654e-02
9.890200952972860726e-02
9.907810234099855007e-02
9.909881914232442079e-02
1.003625440232028126e-01
1.003625440232028126e-01
1.018748705199917087e-01
1.018748705199917087e-01
1.079345349078102284e-01
1.079345349078102284e-01
1.091671845866998142e-01
1.091671845866998142e-01
1.118914439610524114e-01
1.118914439610524114e-01
1.146364201367308933e-01
1.146364201367308933e-01
1.158172778123057745e-01
1.158379946136316591e-01
1.162212554381603508e-01
1.162419722394862215e-01
1.169359850839030435e-01
1.169359850839030435e-01
1.180443339548373771e-01
1.180650507561632478e-01
1.203749741039983473e-01
1.203749741039983473e-01
1.209550445411228525e-01
1.209550445411228525e-01
1.216076237828879192e-01
1.216076237828879192e-01
1.221151854153718630e-01
1.221151854153718630e-01
1.223016366273047412e-01
1.223016366273047412e-01
1.236896623161383851e-01
1.236896623161383851e-01
1.256474000414335990e-01
1.256474000414335990e-01
1.257199088460741743e-01
1.257199088460741743e-01
1.287963538429666432e-01
1.288170706442925140e-01
1.316034804226227373e-01
1.316034804226227373e-01
1.322664180650507670e-01
1.322664180650507670e-01
1.324943028796353728e-01
1.324943028796353728e-01
1.342137973896830316e-01
1.342345141910089024e-01
1.352807126579656238e-01
1.352807126579656238e-01
1.355707478765278695e-01
1.355914646778537402e-01
1.363787031282369944e-01
1.363787031282369944e-01
1.369069815620468089e-01
1.369069815620468089e-01
1.380049720323182072e-01
1.380049720323182072e-01
1.392479801118707283e-01
1.392686969131965991e-01
1.395690905324218078e-01
1.395690905324218078e-01
1.423555003107520311e-01
1.423555003107520311e-01
1.430080795525170978e-01
1.430080795525170978e-01
1.443028796353842957e-01
1.443028796353842957e-01
1.446239900559353753e-01
1.446239900559353753e-01
1.449761756784752331e-01
1.449761756784752331e-01
1.459395069401284439e-01
1.459395069401284439e-01
1.466438781852082152e-01
1.466438781852082152e-01
1.471307230163662605e-01
1.471307230163662605e-01
1.485705407085146090e-01
1.485912575098404798e-01
1.486119743111663505e-01
1.486326911124922212e-01
1.491195359436502943e-01
1.491402527449761650e-01
1.495235135695048567e-01
1.495235135695048567e-01
1.497410399834265549e-01
1.497410399834265549e-01
1.503418272218769447e-01
1.503418272218769447e-01
1.513362336855189616e-01
1.513569504868448323e-01
1.524238657551273968e-01
1.524445825564532953e-01
1.526103169670602888e-01
1.526103169670602888e-01
1.576444996892479855e-01
1.576444996892479855e-01
1.591982597886886230e-01
1.591982597886886230e-01
1.594572198052620626e-01
1.594572198052620626e-01
1.602340998549823814e-01
1.602340998549823814e-01
1.616739175471307299e-01
1.616739175471307299e-01
1.619018023617153634e-01
1.619018023617153634e-01
1.620157447690076524e-01
1.620157447690076524e-01
1.639009736896623048e-01
1.639009736896623048e-01
1.653097161798218473e-01
1.653097161798218473e-01
1.655376009944064530e-01
1.655376009944064530e-01
1.685726123886471806e-01
1.685726123886471806e-01
1.693391340377045917e-01
1.693391340377045917e-01
1.711725709550445396e-01
1.711725709550445396e-01
1.720219598094054336e-01
1.720219598094054336e-01
1.732235342863061855e-01
1.732235342863061855e-01
1.737621711207789632e-01
1.737621711207789632e-01
1.741868655479593964e-01
1.741868655479593964e-01
1.742800911539258424e-01
1.742800911539258424e-01
1.750880464056349672e-01
1.750880464056349672e-01
1.759270768593329259e-01
1.759477936606587967e-01
1.764346384918168698e-01
1.764553552931427405e-01
1.769318417236378782e-01
1.769525585249637489e-01
1.782887922104826883e-01
1.782887922104826883e-01
1.797182515019681015e-01
1.797389683032939722e-01
1.799150611145639012e-01
1.799357779158897996e-01
1.806401491609695431e-01
1.806401491609695431e-01
1.811269939921276162e-01
1.811269939921276162e-01
1.819556660451626395e-01
1.819556660451626395e-01
1.826600372902423830e-01
1.826600372902423830e-01
1.838201781644913935e-01
1.838201781644913935e-01
1.853221462606173542e-01
1.853428630619432249e-01
1.868241143567433149e-01
1.868241143567433149e-01
1.889890200952972776e-01
1.889890200952972776e-01
1.890511704992749176e-01
1.890718873006007883e-01
1.892997721151854218e-01
1.892997721151854218e-01
1.905634969960638136e-01
1.905634969960638136e-01
1.911850010358400742e-01
1.912057178371659449e-01
1.919411642842345223e-01
1.919618810855603930e-01
1.920654650921897744e-01
1.920861818935156451e-01
1.929148539465506407e-01
1.929355707478765392e-01
1.933706235757199077e-01
1.933913403770457784e-01
1.935363579863269012e-01
1.935363579863269012e-01
1.953283613010151354e-01
1.953283613010151354e-01
1.955355293142738704e-01
1.955355293142738704e-01
1.962088253573648355e-01
1.962088253573648355e-01
1.965713693805676288e-01
1.965920861818935272e-01
1.969753470064222189e-01
1.969753470064222189e-01
1.970478558110627665e-01
1.970478558110627665e-01
1.977211518541537316e-01
1.977211518541537316e-01
1.994302879635384274e-01
1.994302879635384274e-01
2.003211104205510629e-01
2.003211104205510629e-01
2.004454112285063150e-01
2.004454112285063150e-01
2.017920033146882175e-01
2.017920033146882175e-01
2.032111042055106676e-01
2.032111042055106676e-01
2.057799875699191927e-01
2.057799875699191927e-01
2.062253987984255243e-01
2.062253987984255243e-01
2.070022788481458431e-01
2.070022788481458431e-01
2.075927076859332976e-01
2.076134244872591683e-01
2.076237828879221037e-01
2.076444996892479744e-01
2.076755748912367805e-01
2.076755748912367805e-01
2.088564325668116894e-01
2.088771493681375602e-01
2.094365030039361808e-01
2.094365030039361808e-01
2.094468614045991162e-01
2.094675782059250146e-01
2.103584006629376502e-01
2.103584006629376502e-01
2.115599751398384021e-01
2.115599751398384021e-01
2.116014087424901713e-01
2.116014087424901713e-01
2.128858504246944339e-01
2.128858504246944339e-01
2.147296457426973171e-01
2.147503625440232156e-01
2.147503625440232156e-01
2.161073130308680257e-01
2.161073130308680257e-01
2.170084938885435966e-01
2.170084938885435966e-01
2.173192459084317407e-01
2.173192459084317407e-01
2.176714315309716263e-01
2.176921483322974971e-01
2.181168427594779302e-01
2.181375595608038009e-01
2.185829707893101326e-01
2.185829707893101326e-01
2.195877356536150848e-01
2.195877356536150848e-01
2.196913196602444662e-01
2.197120364615703370e-01
2.197638284648850138e-01
2.197638284648850138e-01
2.204992749119535911e-01
2.204992749119535911e-01
2.205199917132794618e-01
2.205407085146053325e-01
2.207064429252123539e-01
2.207064429252123539e-01
2.207685933291899660e-01
2.207893101305158368e-01
2.208514605344934767e-01
2.208721773358193474e-01
2.209654029417857934e-01
2.209861197431116642e-01
2.222602030246529914e-01
2.222602030246529914e-01
2.223016366273047328e-01
2.223016366273047328e-01
2.227988398591257413e-01
2.227988398591257413e-01
2.228713486637663166e-01
2.228713486637663166e-01
2.245390511704992709e-01
2.245390511704992709e-01
2.263103376838616065e-01
2.263103376838616065e-01
2.265071472964574339e-01
2.265071472964574339e-01
2.267661073130308735e-01
2.267661073130308735e-01
2.268904081209861257e-01
2.268904081209861257e-01
2.269318417236378671e-01
2.269318417236378671e-01
2.274083281541330048e-01
2.274290449554588756e-01
2.274290449554588756e-01
2.276465713693805737e-01
2.276465713693805737e-01
2.277501553760099551e-01
2.277708721773358258e-01
2.307437331675989134e-01
2.307644499689248119e-01
2.320178164491402406e-01
2.320385332504661391e-01
2.321317588564325574e-01
2.321317588564325574e-01
2.322457012637248741e-01
2.322457012637248741e-01
2.323285684690283848e-01
2.323492852703542555e-01
2.331675989227263435e-01
2.331883157240522142e-01
2.334887093432773952e-01
2.334887093432773952e-01
2.339444789724466622e-01
2.339444789724466622e-01
2.342137973896830372e-01
2.342345141910089079e-01
2.343691733996270954e-01
2.343898902009529661e-01
2.348663766314481038e-01
2.348663766314481038e-01
2.351253366480215434e-01
2.351460534493474142e-01
2.352910710586285370e-01
2.352910710586285370e-01
2.353221462606173708e-01
2.353221462606173708e-01
2.354671638698984937e-01
2.354671638698984937e-01
2.363787031282369999e-01
2.363994199295628706e-01
2.381085560389475941e-01
2.381085560389475941e-01
2.381810648435881417e-01
2.381810648435881417e-01
2.383467992541951630e-01
2.383467992541951630e-01
2.392065465092189647e-01
2.392272633105448632e-01
2.392583385125336692e-01
2.392583385125336692e-01
2.392894137145224753e-01
2.393101305158483461e-01
2.398487673503211237e-01
2.398487673503211237e-01
2.428216283405842113e-01
2.428423451419100820e-01
2.431945307644499676e-01
2.432152475657758384e-01
2.442096540294178553e-01
2.442096540294178553e-01
2.442510876320695967e-01
2.442718044333954952e-01
2.447172156619017991e-01
2.447172156619017991e-01
2.456909053242179453e-01
2.457116221255438160e-01
2.463538429666459473e-01
2.463538429666459473e-01
2.464367101719494579e-01
2.464574269732753287e-01
2.470167806090739493e-01
2.470167806090739493e-01
2.474207582349285395e-01
2.474414750362544102e-01
2.491506111456391059e-01
2.491506111456391059e-01
2.498239071887300711e-01
2.498446239900559418e-01
2.505386368344727499e-01
2.505386368344727499e-01
2.506318624404392237e-01
2.506318624404392237e-01
2.507147296457427066e-01
2.507147296457427066e-01
2.510565568676196291e-01
2.510565568676196291e-01
2.514191008908224778e-01
2.514398176921483485e-01
2.519784545266210984e-01
2.519991713279469692e-01
2.521131137352392582e-01
2.521131137352392582e-01
2.521441889372280643e-01
2.521649057385539905e-01
2.526206753677232020e-01
2.526413921690490727e-01
2.536254402320281542e-01
2.536254402320281542e-01
2.536772322353428866e-01
2.536772322353428866e-01
2.537186658379946280e-01
2.537393826393204987e-01
2.537497410399834341e-01
2.537497410399834341e-01
2.538429666459498524e-01
2.538429666459498524e-01
2.539879842552310030e-01
2.540087010565568737e-01
2.550031075201988906e-01
2.550238243215247613e-01
2.550341827221876967e-01
2.550341827221876967e-01
2.551895587321317826e-01
2.552102755334576534e-01
2.553760099440646192e-01
2.553760099440646192e-01
2.562979076030660885e-01
2.563082660037290239e-01
2.565983012222912696e-01
2.566190180236171403e-01
2.572923140667081054e-01
2.573130308680339762e-01
2.573337476693598469e-01
2.573337476693598469e-01
2.575409156826186097e-01
2.575409156826186097e-01
2.577688004972032432e-01
2.577688004972032432e-01
2.580484773151025535e-01
2.580691941164284242e-01
2.581002693184172303e-01
2.581209861197431010e-01
2.584938885436088851e-01
2.585146053449347558e-01
2.608866790967474536e-01
2.609073958980733243e-01
2.630205096333126380e-01
2.630205096333126380e-01
2.631966024445825392e-01
2.632173192459084099e-01
2.642945929148539652e-01
2.643153097161798359e-01
2.644085353221462542e-01
2.644085353221462542e-01
2.656204681997099692e-01
2.656204681997099692e-01
2.660140874249015686e-01
2.660140874249015686e-01
2.665734410607002447e-01
2.665941578620261154e-01
2.667391754713072105e-01
2.667598922726330812e-01
2.673917547130723049e-01
2.674124715143981756e-01
2.677128651336233567e-01
2.677128651336233567e-01
2.687072715972653736e-01
2.687072715972653736e-01
2.690076652164905546e-01
2.690283820178164254e-01
2.696706028589185844e-01
2.696706028589185844e-01
2.706650093225606013e-01
2.706650093225606013e-01
2.707685933291899549e-01
2.707685933291899549e-01
2.707996685311787610e-01
2.708203853325046873e-01
2.717940749948207779e-01
2.718147917961466487e-01
2.729127822664180747e-01
2.729127822664180747e-01
2.740832815413299928e-01
2.740832815413299928e-01
2.746840687797804104e-01
2.747047855811062811e-01
2.755541744354671474e-01
2.755541744354671474e-01
2.763310544851874662e-01
2.763517712865133369e-01
2.768696913196602716e-01
2.768904081209861423e-01
2.773047441475036123e-01
2.773047441475036123e-01
2.775533457634141166e-01
2.775740625647399873e-01
2.776569297700435257e-01
2.776776465713693964e-01
2.780712657965609957e-01
2.780919825978868665e-01
2.782266418065050817e-01
2.782473586078309524e-01
2.786513362336855426e-01
2.786513362336855426e-01
2.791278226641806248e-01
2.791485394655065511e-01
2.794800082867205382e-01
2.794800082867205382e-01
2.803293971410814045e-01
2.803293971410814045e-01
2.809094675782059514e-01
2.809301843795318221e-01
2.810752019888129172e-01
2.810959187901387879e-01
2.815102548166563134e-01
2.815309716179821842e-01
2.817484980319038823e-01
2.817484980319038823e-01
2.822249844623990200e-01
2.822249844623990200e-01
2.823078516677025029e-01
2.823078516677025029e-01
2.829500725088046620e-01
2.829707893101305327e-01
2.837476693598508515e-01
2.837476693598508515e-01
2.838098197638284637e-01
2.838098197638284637e-01
2.844002486016158904e-01
2.844209654029417611e-01
2.851356950486844677e-01
2.851564118500103384e-01
2.866894551481251052e-01
2.867101719494510315e-01
2.871866583799461137e-01
2.871866583799461137e-01
2.872073751812719844e-01
2.872280919825979106e-01
2.875906360058007039e-01
2.876113528071265746e-01
2.878392376217112081e-01
2.878599544230370788e-01
2.880567640356329062e-01
2.880774808369587769e-01
2.889268696913196433e-01
2.889475864926455140e-01
2.891029625025895999e-01
2.891236793039154707e-01
2.892583385125336859e-01
2.892583385125336859e-01
2.908742490159519356e-01
2.908949658172778063e-01
2.910917754298736337e-01
2.910917754298736337e-01
2.916407706650093190e-01
2.916614874663351897e-01
2.927905531385954219e-01
2.927905531385954219e-01
2.928423451419100987e-01
2.928423451419100987e-01
2.930805883571576675e-01
2.930805883571576675e-01
2.937228091982597711e-01
2.937228091982597711e-01
2.942510876320695856e-01
2.942510876320695856e-01
2.967371037911746279e-01
2.967578205925004986e-01
2.971514398176921534e-01
2.971721566190180241e-01
2.983737310959188038e-01
2.983944478972446746e-01
2.992645535529314116e-01
2.992852703542572823e-01
2.996996063807748079e-01
2.996996063807748079e-01
3.010254816656308119e-01
3.010461984669566826e-01
3.013051584835301222e-01
3.013258752848559929e-01
3.013983840894965960e-01
3.014191008908224667e-01
3.018541537186658630e-01
3.018541537186658630e-01
3.030453697949036518e-01
3.030453697949036518e-01
3.031593122021959963e-01
3.031800290035218670e-01
3.041226434638492071e-01
3.041226434638492071e-01
3.041330018645121425e-01
3.041330018645121425e-01
3.047441475036254399e-01
3.047648643049513106e-01
3.054485187487052111e-01
3.054485187487052111e-01
3.059042883778744781e-01
3.059042883778744781e-01
3.073544644706857065e-01
3.073544644706857065e-01
3.075512740832815339e-01
3.075512740832815339e-01
3.092604101926662574e-01
3.092604101926662574e-01
3.094468614045991495e-01
3.094675782059250202e-01
3.097368966231613951e-01
3.097368966231613951e-01
3.097886886264760720e-01
3.097886886264760720e-01
3.120986119743111575e-01
3.120986119743111575e-01
3.124611559975140063e-01
3.124611559975140063e-01
3.126268904081209721e-01
3.126372488087839074e-01
3.126372488087839074e-01
3.128029832193909288e-01
3.128237000207167995e-01
3.131966024445825836e-01
3.132173192459084543e-01
3.135695048684483122e-01
3.135902216697741829e-01
3.140667081002693206e-01
3.140667081002693206e-01
3.144706857261239108e-01
3.144914025274497815e-01
3.155272425937435399e-01
3.155272425937435399e-01
3.162419722394862465e-01
3.162419722394862465e-01
3.164284234514190830e-01
3.164284234514190830e-01
3.178164491402527547e-01
3.178164491402527547e-01
3.178578827429044962e-01
3.178578827429044962e-01
3.180961259581520650e-01
3.180961259581520650e-01
3.186036875906360089e-01
3.186036875906360089e-01
3.186244043919618796e-01
3.186244043919618796e-01
3.190905324217940819e-01
3.191112492231199527e-01
3.191630412264346295e-01
3.191837580277605002e-01
3.194012844416821983e-01
3.194220012430080691e-01
3.207478765278640731e-01
3.207478765278640731e-01
3.208721773358193530e-01
3.208721773358193530e-01
3.211000621504039865e-01
3.211207789517298572e-01
3.223016366273047661e-01
3.223016366273047661e-01
3.226227470478558179e-01
3.226227470478558179e-01
3.231406670810026971e-01
3.231821006836544385e-01
3.236275119121607702e-01
3.236482287134866409e-01
3.238243215247565976e-01
3.238450383260824683e-01
3.248394447897244852e-01
3.248394447897244852e-01
3.255956080381189333e-01
3.256163248394448040e-01
3.267350321110420452e-01
3.267557489123679160e-01
3.268489745183343897e-01
3.268489745183343897e-01
3.274290449554588811e-01
3.274497617567847518e-01
3.281541330018645231e-01
3.281748498031903938e-01
3.285063186244043809e-01
3.285063186244043809e-01
3.285477522270561224e-01
3.285684690283819931e-01
3.295628754920240100e-01
3.295628754920240100e-01
3.303086803397555227e-01
3.303086803397555227e-01
3.313445204060492810e-01
3.313652372073752073e-01
3.314170292106898841e-01
3.314170292106898841e-01
3.320281748498031815e-01
3.320488916511290522e-01
3.322042676610731382e-01
3.322042676610731382e-01
3.324321524756577717e-01
3.324528692769836424e-01
3.326082452869276729e-01
3.326289620882535991e-01
3.335094261446032715e-01
3.335301429459291422e-01
3.341827221876942366e-01
3.342034389890201074e-01
3.353635798632690901e-01
3.353635798632690901e-01
3.354257302672467578e-01
3.354464470685726285e-01
3.357986326911124864e-01
3.358193494924383571e-01
3.364719287342034515e-01
3.364926455355293222e-01
3.369069815620467923e-01
3.369276983633727185e-01
3.369898487673503307e-01
3.369898487673503307e-01
3.375181272011601452e-01
3.375181272011601452e-01
3.380256888336440890e-01
3.380464056349699598e-01
3.388440024860161492e-01
3.388440024860161492e-01
3.395380153304329851e-01
3.395587321317588558e-01
3.400455769629169289e-01
3.400662937642427996e-01
3.403356121814791746e-01
3.403356121814791746e-01
3.409674746219183983e-01
3.409881914232442690e-01
3.410814170292106873e-01
3.410814170292106873e-01
3.420343898902009627e-01
3.420551066915268335e-01
3.424383675160554974e-01
3.424590843173814236e-01
3.429666459498653674e-01
3.429873627511912382e-01
3.431323803604723333e-01
3.431530971617982040e-01
3.432981147710793546e-01
3.433188315724052253e-01
3.445100476486430696e-01
3.445100476486430696e-01
3.446239900559353586e-01
3.446447068572612293e-01
3.449658172778122811e-01
3.449658172778122811e-01
3.449865340791382073e-01
3.450072508804640781e-01
3.463227677646571467e-01
3.463434845659830175e-01
3.470064222084110472e-01
3.470167806090739826e-01
3.471203646157033362e-01
3.471617982183550777e-01
3.474518334369173234e-01
3.474725502382431941e-01
3.481976382846488360e-01
3.481976382846488360e-01
3.496892479801118614e-01
3.496892479801118614e-01
3.499067743940335595e-01
3.499274911953594303e-01
3.510461984669567270e-01
3.510669152682825978e-01
3.520095297286098823e-01
3.520302465299357531e-01
3.521856225398798390e-01
3.521856225398798390e-01
3.527553345763413950e-01
3.527553345763413950e-01
3.536150818313652522e-01
3.536357986326911229e-01
3.538740418479386918e-01
3.538947586492645625e-01
3.541744354671638728e-01
3.541951522684897435e-01
3.551584835301429544e-01
3.551792003314688251e-01
3.553035011394240494e-01
3.553242179407499757e-01
3.555417443546716183e-01
3.555417443546716183e-01
3.555831779573234153e-01
3.556038947586492860e-01
3.570540708514605144e-01
3.570747876527863851e-01
3.587114149575305611e-01
3.587114149575305611e-01
3.588460741661487208e-01
3.588667909674746470e-01
3.616842759477936764e-01
3.616842759477936764e-01
3.622643463849181678e-01
3.622850631862440385e-01
3.632794696498860554e-01
3.633001864512119261e-01
3.636316552724259132e-01
3.636523720737518395e-01
3.642945929148539430e-01
3.642945929148539430e-01
3.650611145639113264e-01
3.650611145639113264e-01
3.655272425937435288e-01
3.655272425937435288e-01
3.659726538222498604e-01
3.659933706235757311e-01
3.660037290242386665e-01
3.660244458255645372e-01
3.669877770872177480e-01
3.669877770872177480e-01
3.672881707064429291e-01
3.673088875077687998e-01
3.677232235342863254e-01
3.677439403356121961e-01
3.683240107727366874e-01
3.683343691733996228e-01
3.685415371866583856e-01
3.685622539879842563e-01
3.699606380774808634e-01
3.699813548788067341e-01
3.702195980940543030e-01
3.702403148953801737e-01
3.705717837165941608e-01
3.705717837165941608e-01
3.709757613424487510e-01
3.709964781437746217e-01
3.712347213590221906e-01
3.712554381603480613e-01
3.717112077895172728e-01
3.717319245908431991e-01
3.717733581934949405e-01
3.717940749948208112e-01
3.719908846074166386e-01
3.720116014087425094e-01
3.720841102133830569e-01
3.721048270147089276e-01
3.731821006836544274e-01
3.732028174849802982e-01
3.734203438989019963e-01
3.734410607002278670e-01
3.735342863061943408e-01
3.735550031075202115e-01
3.736793039154754359e-01
3.737000207168013066e-01
3.737414543194531036e-01
3.737621711207789743e-01
3.741039983426558968e-01
3.741247151439817675e-01
3.745286927698363577e-01
3.745494095711622284e-01
3.754298736275119008e-01
3.754505904288377716e-01
3.755438160348042453e-01
3.755438160348042453e-01
3.757924176507147496e-01
3.757924176507147496e-01
3.761135280712658013e-01
3.761342448725916721e-01
3.763828464885021763e-01
3.763828464885021763e-01
3.764035632898280470e-01
3.764242800911539177e-01
3.768075409156826372e-01
3.768075409156826372e-01
3.774083281541329993e-01
3.774290449554588700e-01
3.776051377667288267e-01
3.776258545680546974e-01
3.784027346177750162e-01
3.784234514191008869e-01
3.798632691112492354e-01
3.798839859125751062e-01
3.809819763828464767e-01
3.810026931841723474e-01
3.813030868033975285e-01
3.813238036047234547e-01
3.817070644292521187e-01
3.817277812305779894e-01
3.818417236378703339e-01
3.818417236378703339e-01
3.820799668531179027e-01
3.821006836544437735e-01
3.825978868862647819e-01
3.825978868862647819e-01
3.827429044955458770e-01
3.827636212968717477e-01
3.829707893101305105e-01
3.829707893101305105e-01
3.835301429459291311e-01
3.835508597472550019e-01
3.844313238036047298e-01
3.844520406049306005e-01
3.846074166148746865e-01
3.846074166148746865e-01
3.846799254195152340e-01
3.847006422208411047e-01
3.851667702506733071e-01
3.851874870519991778e-01
3.852599958566397254e-01
3.852807126579655961e-01
3.860472343070229795e-01
3.860679511083488502e-01
3.867308887507768800e-01
3.867308887507768800e-01
3.875802776051377463e-01
3.876009944064636170e-01
3.877874456183965091e-01
3.878288792210482505e-01
3.878703128237000475e-01
3.878910296250259182e-01
3.891133209032525131e-01
3.891340377045784393e-01
3.905427801947379263e-01
3.905427801947379263e-01
3.907395898073337537e-01
3.907395898073337537e-01
3.918893722809198010e-01
3.919100890822457273e-01
3.938989020095297056e-01
3.939196188108555763e-01
3.939506940128444379e-01
3.939506940128444379e-01
3.945721980526206707e-01
3.945929148539465414e-01
3.946136316552724121e-01
3.946136316552724121e-01
3.947690076652164981e-01
3.947793660658794335e-01
3.948829500725087871e-01
3.948829500725087871e-01
3.951108348870934206e-01
3.951315516884192913e-01
3.956909053242179675e-01
3.957116221255438382e-01
3.957634141288585150e-01
3.957634141288585150e-01
3.969131966024445624e-01
3.969339134037704331e-01
3.977211518541537427e-01
3.977418686554796134e-01
3.982494302879635573e-01
3.982494302879635573e-01
3.983012222912782341e-01
3.983219390926041048e-01
3.995442303708307552e-01
3.995649471721566259e-01
3.997306815827636473e-01
3.997513983840895180e-01
4.005179200331469014e-01
4.005386368344727721e-01
4.010151232649679098e-01
4.010358400662937806e-01
4.011187072715972635e-01
4.011394240729231342e-01
4.012533664802154787e-01
4.012740832815413494e-01
4.030246529935778144e-01
4.030453697949036851e-01
4.038222498446240039e-01
4.038222498446240039e-01
4.039879842552309697e-01
4.040087010565568404e-01
4.040604930598715727e-01
4.040604930598715727e-01
4.054174435467163828e-01
4.054381603480422536e-01
4.056349699606380810e-01
4.056556867619639517e-01
4.057903459705821669e-01
4.057903459705821669e-01
4.072198052620675246e-01
4.072405220633933953e-01
4.076134244872591794e-01
4.076341412885850501e-01
4.076444996892479855e-01
4.076444996892479855e-01
4.085456805469235286e-01
4.085663973482494549e-01
4.103480422622747259e-01
4.103791174642635320e-01
4.105862854775222948e-01
4.105862854775222948e-01
4.110524135073544416e-01
4.110731303086803123e-01
4.120675367723223292e-01
4.120882535736482555e-01
4.131344520406049492e-01
4.131551688419308199e-01
4.135487880671224192e-01
4.135487880671224192e-01
4.138077480836958588e-01
4.138284648850217295e-01
4.147917961466749404e-01
4.147917961466749404e-01
4.149160969546302202e-01
4.149160969546302202e-01
4.150196809612595739e-01
4.150403977625854446e-01
4.150714729645742507e-01
4.150921897659001214e-01
4.152682825771700781e-01
4.152889993784959488e-01
4.152993577791588842e-01
4.153200745804847549e-01
4.153615081831364964e-01
4.153615081831364964e-01
4.156204681997099915e-01
4.156204681997099915e-01
4.165216490573855346e-01
4.165423658587114053e-01
4.166252330640149437e-01
4.166459498653408144e-01
4.167288170706442973e-01
4.167495338719701681e-01
4.175264139216904868e-01
4.175264139216904868e-01
4.177025067329604435e-01
4.177232235342863143e-01
4.182929355707478702e-01
4.182929355707478702e-01
4.186554795939507190e-01
4.186761963952765897e-01
4.203853325046612577e-01
4.204060493059871284e-01
4.206960845245494296e-01
4.207168013258753003e-01
4.214004557696291453e-01
4.214211725709550715e-01
4.218873006007872184e-01
4.219080174021130891e-01
4.220737518127201104e-01
4.220944686140459812e-01
4.224777294385747006e-01
4.224984462399005714e-01
4.230267246737103859e-01
4.230267246737103859e-01
4.231510254816656103e-01
4.231510254816656103e-01
4.233167598922726316e-01
4.233167598922726316e-01
4.233996270975761145e-01
4.233996270975761145e-01
4.234099854982390498e-01
4.234099854982390498e-01
4.234928527035425883e-01
4.235135695048684590e-01
4.238243215247565754e-01
4.238450383260824461e-01
4.240004143360265321e-01
4.240211311373524028e-01
4.258752848560182214e-01
4.258752848560182214e-01
4.267246737103791432e-01
4.267246737103791432e-01
4.267661073130308846e-01
4.267661073130308846e-01
4.271079345349078071e-01
4.271079345349078071e-01
4.271182929355707425e-01
4.271182929355707425e-01
4.274186865547959235e-01
4.274186865547959235e-01
4.279987569919204704e-01
4.280194737932463411e-01
4.282991506111456514e-01
4.282991506111456514e-01
4.289620882535736257e-01
4.289828050548994964e-01
4.292003314688211946e-01
4.292003314688211946e-01
4.297907603066086768e-01
4.298114771079345475e-01
4.309716179821835302e-01
4.309923347835094010e-01
4.313341620053863790e-01
4.313548788067122497e-01
4.319349492438367411e-01
4.319556660451626118e-01
4.324010772736689434e-01
4.324217940749948141e-01
4.327739796975347275e-01
4.327946964988605982e-01
4.328775637041640811e-01
4.328982805054899519e-01
4.332608245286927451e-01
4.332815413300186713e-01
4.336855189558732060e-01
4.337062357571990767e-01
4.338305365651543566e-01
4.338512533664802273e-01
4.339755541744354517e-01
4.339962709757613224e-01
4.342966645949865589e-01
4.343173813963124297e-01
4.344313238036047187e-01
4.344520406049305894e-01
4.346281334162005461e-01
4.346488502175264168e-01
4.351046198466956838e-01
4.351046198466956838e-01
4.351253366480215545e-01
4.358400662937642611e-01
4.358400662937642611e-01
4.372488087839237481e-01
4.372488087839237481e-01
4.376424280091154029e-01
4.376424280091154029e-01
4.379221048270147132e-01
4.379221048270147132e-01
4.383985912575098509e-01
4.384296664594986570e-01
4.387093432773979673e-01
4.387093432773979673e-01
4.388129272840273210e-01
4.388336440853532472e-01
4.391133209032525575e-01
4.391340377045784282e-01
4.392894137145224587e-01
4.393101305158483294e-01
4.400559353635798421e-01
4.400559353635798421e-01
4.405842137973896566e-01
4.406049305987155829e-01
4.406049305987155829e-01
4.415889786616946089e-01
4.416096954630205351e-01
4.416304122643464058e-01
4.416511290656722766e-01
4.422001243008079618e-01
4.422001243008079618e-01
4.437435259995856640e-01
4.437435259995856640e-01
4.442821628340584139e-01
4.442821628340584139e-01
4.443028796353842846e-01
4.455666045162626765e-01
4.455666045162626765e-01
4.472343070229956585e-01
4.472343070229956585e-01
4.472446654236585939e-01
4.472653822249844646e-01
4.473378910296250122e-01
4.473378910296250122e-01
4.478972446654236328e-01
4.479179614667495590e-01
4.480940542780194602e-01
4.481147710793453309e-01
4.486119743111663394e-01
4.486119743111663394e-01
4.487984255230992314e-01
4.488191423244251022e-01
4.488812927284027143e-01
4.489020095297285851e-01
4.494095711622125289e-01
4.494302879635384551e-01
4.498342655893929898e-01
4.498342655893929898e-01
4.499792831986741404e-01
4.500000000000000111e-01
4.503418272218769336e-01
4.503625440232028043e-01
4.529210689869483941e-01
4.529417857882742648e-01
4.533975554174435318e-01
4.534182722187694026e-01
4.544126786824114195e-01
4.544126786824114195e-01
4.554899523513569748e-01
4.554899523513569748e-01
4.560493059871555954e-01
4.560700227884814661e-01
4.564740004143360008e-01
4.564947172156619271e-01
4.565361508183136685e-01
4.565568676196395392e-01
4.575305572819556854e-01
4.575512740832815561e-01
4.582038533250465950e-01
4.582245701263724658e-01
4.592707685933292150e-01
4.592914853946550857e-01
4.593847110006215040e-01
4.594054278019473747e-01
4.596954630205096204e-01
4.597161798218354911e-01
4.598094054278019649e-01
4.598301222291278356e-01
4.600165734410607277e-01
4.600165734410607277e-01
4.602962502589600380e-01
4.603169670602859087e-01
4.616221255438160420e-01
4.616428423451419127e-01
4.621296871762999858e-01
4.621504039776258566e-01
4.621814791796146626e-01
4.622021959809405334e-01
4.629272840273461753e-01
4.629272840273461753e-01
4.638388232856847093e-01
4.638595400870105800e-01
4.643981769214833299e-01
4.644188937228092007e-01
4.647917961466749293e-01
4.647917961466749293e-01
4.656515434016987864e-01
4.656722602030246572e-01
4.656929770043505279e-01
4.657136938056763986e-01
4.664284234514191052e-01
4.664491402527449759e-01
4.670395690905324027e-01
4.670602858918582734e-01
4.680961259581520872e-01
4.681168427594779580e-01
4.681272011601408933e-01
4.681479179614667641e-01
4.686140459912989664e-01
4.686140459912989664e-01
4.687590636005800615e-01
4.687590636005800615e-01
4.688315724052206090e-01
4.688522892065465353e-01
4.689247980111870828e-01
4.689455148125129536e-01
4.692977004350528114e-01
4.693184172363786821e-01
4.708307437331675782e-01
4.708514605344934489e-01
4.708825357364823105e-01
4.708825357364823105e-01
4.715247565775844141e-01
4.715454733789102848e-01
4.719287342034390043e-01
4.719287342034390043e-01
4.720116014087424872e-01
4.720116014087424872e-01
4.723430702299564743e-01
4.723637870312823450e-01
4.723845038326082713e-01
4.723845038326082713e-01
4.734099854982390942e-01
4.734307022995649650e-01
4.737518127201160167e-01
4.737725295214418875e-01
4.737828879221048228e-01
4.738036047234306936e-01
4.741868655479594130e-01
4.742075823492852837e-01
4.742179407499482191e-01
4.742179407499482191e-01
4.742282991506111545e-01
4.742490159519370252e-01
4.744043919618811112e-01
4.744251087632069819e-01
4.744354671638699172e-01
4.744561839651957880e-01
4.751605552102755592e-01
4.751812720116014299e-01
4.756163248394447707e-01
4.756163248394447707e-01
4.766935985083903260e-01
4.766935985083903260e-01
4.767764657136938089e-01
4.767971825150196796e-01
4.771804433395483991e-01
4.772011601408742698e-01
4.776880049720323429e-01
4.776880049720323429e-01
4.794592914853946786e-01
4.794800082867205493e-01
4.794903666873834847e-01
4.795214418893722907e-01
4.796146674953387090e-01
4.796353842966645797e-01
4.804847731510255016e-01
4.804847731510255016e-01
4.819245908431737946e-01
4.819245908431737946e-01
4.821628340584213634e-01
4.821835508597472342e-01
4.822560596643878372e-01
4.822767764657137080e-01
4.825253780816242122e-01
4.825460948829500829e-01
4.825668116842759536e-01
4.825875284856018244e-01
4.834990677439403584e-01
4.834990677439403584e-01
4.837062357571990656e-01
4.837269525585249363e-01
4.857882742904495732e-01
4.858089910917754439e-01
4.860575927076859482e-01
4.860575927076859482e-01
4.865547959395069566e-01
4.865755127408328273e-01
4.869069815620468145e-01
4.869069815620468145e-01
4.874041847938678229e-01
4.874041847938678229e-01
4.886989848767350209e-01
4.887197016780608916e-01
4.895069401284441457e-01
4.895276569297700164e-01
4.895380153304330073e-01
4.895690905324218134e-01
4.895898073337476841e-01
4.899730681582763481e-01
4.899937849596022188e-01
4.903874041847938736e-01
4.903874041847938736e-01
4.906567226020302486e-01
4.906774394033561193e-01
4.910917754298736448e-01
4.910917754298736448e-01
4.911228506318624509e-01
4.911435674331883217e-01
4.914128858504246966e-01
4.914336026517505673e-01
4.924487259167184550e-01
4.924694427180443257e-01
4.925108763206960671e-01
4.925108763206960671e-01
4.926144603273254763e-01
4.926144603273254763e-01
4.930598715558317524e-01
4.930598715558317524e-01
4.937331675989227175e-01
4.937538844002485883e-01
4.945618396519577131e-01
4.945618396519577131e-01
4.953490781023410228e-01
4.953490781023410228e-01
4.957737725295214282e-01
4.957944893308472989e-01
4.961466749533872123e-01
4.961673917547130830e-01
4.962916925626683073e-01
4.963124093639941781e-01
4.965817277812305530e-01
4.965817277812305530e-01
4.967060285891858329e-01
4.967267453905117036e-01
4.972550238243215182e-01
4.972757406256473889e-01
4.991506111456391337e-01
4.991816863476279398e-01
5.013258752848560595e-01
5.013465920861819303e-01
5.020923969339133874e-01
5.021338305365651289e-01
5.022995649471722057e-01
5.023202817484980764e-01
5.023720737518126978e-01
5.023720737518126978e-01
5.039465506525792060e-01
5.039465506525792060e-01
5.050963331261653089e-01
5.050963331261653089e-01
5.053035011394241272e-01
5.053242179407499979e-01
5.055521027553345759e-01
5.055728195566604466e-01
5.064118500103583775e-01
5.064325668116842483e-01
5.065465092189765928e-01
5.065465092189765928e-01
5.068261860368759031e-01
5.068469028382017738e-01
5.071162212554382043e-01
5.071369380567640750e-01
5.075927076859333420e-01
5.076134244872592127e-01
5.078413093018437907e-01
5.078620261031696614e-01
5.081831365237207132e-01
5.082038533250465839e-01
5.094675782059250313e-01
5.094882950072509020e-01
5.096747462191837386e-01
5.096954630205096093e-01
5.103584006629376946e-01
5.103791174642635653e-01
5.108556038947587030e-01
5.108763206960845737e-01
5.110524135073544194e-01
5.110731303086802901e-01
5.116635591464677724e-01
5.116842759477936431e-01
5.129997928319867118e-01
5.130205096333125825e-01
5.133312616532007544e-01
5.133312616532007544e-01
5.138181064843587720e-01
5.138388232856846427e-01
5.139734824943028579e-01
5.139941992956287287e-01
5.149471721566190041e-01
5.149678889579448748e-01
5.152682825771700559e-01
5.152889993784959266e-01
5.169152682825771672e-01
5.169152682825771672e-01
5.172985291071058311e-01
5.172985291071058311e-01
5.173813963124093140e-01
5.174021131137351848e-01
5.189869484151646839e-01
5.189869484151646839e-01
5.190180236171535455e-01
5.190180236171535455e-01
5.191837580277605113e-01
5.191837580277605113e-01
5.195670188522891753e-01
5.195877356536150460e-01
5.200952972860990453e-01
5.200952972860990453e-01
5.201056556867619252e-01
5.201056556867619252e-01
5.205510669152683123e-01
5.205510669152683123e-01
5.211829293557074250e-01
5.211829293557074250e-01
5.242697327532629403e-01
5.242904495545888111e-01
5.256266832401077504e-01
5.256266832401077504e-01
5.261342448725916388e-01
5.261549616739175095e-01
5.262585456805469741e-01
5.262585456805469741e-01
5.264657136938056814e-01
5.264864304951315521e-01
5.267350321110420008e-01
5.267557489123679826e-01
5.273979697534700861e-01
5.274186865547959568e-01
5.283405842137973707e-01
5.283613010151232414e-01
5.287134866376631548e-01
5.287342034389890255e-01
5.296768178993163101e-01
5.296768178993163101e-01
5.305262067536772319e-01
5.305469235550031026e-01
5.307748083695876806e-01
5.307955251709136624e-01
5.308369587735654038e-01
5.308576755748912746e-01
5.310959187901388434e-01
5.311373523927905849e-01
5.321110420551067310e-01
5.321317588564326018e-01
5.332504661280298430e-01
5.332711829293557138e-01
5.340066293764242911e-01
5.340273461777501618e-01
5.340377045784130416e-01
5.340584213797390234e-01
5.341205717837166356e-01
5.341412885850425063e-01
5.342759477936606105e-01
5.342966645949864812e-01
5.345763414128859026e-01
5.345970582142117733e-01
5.349596022374145665e-01
5.349803190387404372e-01
5.350010358400663080e-01
5.350217526413921787e-01
5.355085974725501963e-01
5.355293142738760670e-01
5.362958359229335059e-01
5.363165527242593766e-01
5.369794903666873509e-01
5.369794903666873509e-01
5.382017816449140568e-01
5.382224984462399275e-01
5.395276569297700053e-01
5.395276569297700053e-01
5.397659001450175742e-01
5.397866169463434449e-01
5.406463642013673576e-01
5.406670810026932283e-01
5.407188730060078496e-01
5.407188730060078496e-01
5.411435674331883661e-01
5.411642842345142368e-01
5.414439610524135471e-01
5.414646778537394178e-01
5.416200538636833928e-01
5.416407706650093745e-01
5.421794074994821244e-01
5.421794074994821244e-01
5.426041019266625298e-01
5.426248187279884005e-01
5.426351771286513914e-01
5.426558939299772621e-01
5.428630619432359694e-01
5.428837787445618401e-01
5.437331675989227620e-01
5.437331675989227620e-01
5.440232028174849521e-01
5.440232028174849521e-01
5.442614460327325210e-01
5.442821628340583917e-01
5.449968924798010983e-01
5.450176092811269690e-01
5.452247772943857873e-01
5.452247772943857873e-01
5.452454940957116580e-01
5.453180029003521501e-01
5.453387197016780208e-01
5.454526621089703653e-01
5.454526621089703653e-01
5.461777501553760628e-01
5.461777501553760628e-01
5.463849181686347700e-01
5.464056349699606407e-01
5.466542365858710895e-01
5.466749533871970712e-01
5.467163869898488127e-01
5.467371037911746834e-01
5.477522270561425710e-01
5.477729438574684417e-01
5.481354878806712350e-01
5.481562046819971057e-01
5.486534079138181141e-01
5.486741247151439849e-01
5.487466335197845879e-01
5.487673503211104586e-01
5.490055935363580275e-01
5.490263103376838982e-01
5.495649471721566481e-01
5.495856639734825189e-01
5.499585663973483030e-01
5.499792831986741737e-01
5.501968096125957608e-01
5.502175264139217425e-01
5.506111456391132863e-01
5.506111456391132863e-01
5.509633312616531997e-01
5.509633312616531997e-01
5.512015744769007686e-01
5.512015744769007686e-01
5.512326496788896302e-01
5.512533664802155009e-01
5.519680961259582075e-01
5.519888129272840782e-01
5.522063393412056653e-01
5.522270561425316471e-01
5.532628962088254054e-01
5.532836130101512762e-01
5.533250466128030176e-01
5.533457634141288883e-01
5.541122850631862162e-01
5.541330018645120870e-01
5.577273668945514906e-01
5.577273668945514906e-01
5.577998756991920937e-01
5.578205925005179644e-01
5.580588357157655333e-01
5.581002693184172747e-01
5.582349285270353789e-01
5.582556453283612496e-01
5.591050341827221715e-01
5.591257509840480422e-01
5.595297286099025769e-01
5.595297286099025769e-01
5.595400870105655677e-01
5.595608038118914385e-01
5.600372902423865762e-01
5.600580070437124469e-01
5.605966438781851968e-01
5.605966438781851968e-01
5.606070022788481877e-01
5.606277190801740584e-01
5.608141702921068950e-01
5.608141702921068950e-01
5.608763206960845071e-01
5.608970374974103779e-01
5.630619432359643683e-01
5.630826600372902391e-01
5.641495753055728590e-01
5.641702921068987298e-01
5.646571369380567473e-01
5.646571369380567473e-01
5.658276362129687209e-01
5.658483530142945916e-01
5.663144810441267385e-01
5.663351978454526092e-01
5.665941578620260488e-01
5.666148746633520306e-01
5.669981354878806945e-01
5.670188522892065652e-01
5.675367723223534444e-01
5.675574891236793151e-01
5.691837580277605557e-01
5.692044748290864264e-01
5.698363372695255391e-01
5.698570540708514098e-01
5.720426766107312710e-01
5.720633934120571418e-01
5.726331054485187533e-01
5.726538222498446240e-01
5.736171535114977793e-01
5.736378703128236500e-01
5.738139631240936067e-01
5.738346799254194774e-01
5.747980111870727438e-01
5.747980111870727438e-01
5.754402320281748473e-01
5.754609488295007180e-01
5.762378288792210368e-01
5.762689040812098984e-01
5.772840273461777860e-01
5.772840273461777860e-01
5.788481458462813034e-01
5.788481458462813034e-01
5.788895794489330449e-01
5.788895794489330449e-01
5.791381810648436046e-01
5.791381810648436046e-01
5.794489330847316655e-01
5.794489330847316655e-01
5.797389683032939667e-01
5.797596851046198374e-01
5.800911539258338800e-01
5.801118707271597508e-01
5.808887507768800695e-01
5.809094675782059403e-01
5.813652372073752073e-01
5.813859540087010780e-01
5.814273876113528194e-01
5.814481044126786902e-01
5.823182100683654827e-01
5.823389268696913534e-01
5.826807540915682759e-01
5.826807540915682759e-01
5.831572405220634137e-01
5.831779573233892844e-01
5.835197845452662069e-01
5.835405013465920776e-01
5.837683861611767666e-01
5.837891029625026373e-01
5.838926869691319910e-01
5.839134037704578617e-01
5.839859125750983537e-01
5.840066293764243355e-01
5.849388854360886292e-01
5.849596022374144999e-01
5.855811062771908437e-01
5.855811062771908437e-01
5.862854775222705594e-01
5.863061943235964302e-01
5.866065879428216112e-01
5.866273047441474819e-01
5.871037911746426197e-01
5.871245079759684904e-01
5.874663351978454129e-01
5.874663351978454129e-01
5.877978040190594555e-01
5.878185208203853263e-01
5.883260824528693256e-01
5.883467992541951963e-01
5.893515641185000931e-01
5.893722809198259638e-01
5.900766521649057905e-01
5.900766521649057905e-01
5.905842137973896788e-01
5.906256474000414203e-01
5.914025274497617390e-01
5.914025274497617390e-01
5.914128858504247299e-01
5.914128858504247299e-01
5.917132794696499110e-01
5.917339962709757817e-01
5.920861818935156951e-01
5.921068986948415658e-01
5.921483322974933072e-01
5.921690490988191780e-01
5.921897659001450487e-01
5.922104827014709194e-01
5.925315931220219712e-01
5.925523099233478419e-01
5.947068572612388415e-01
5.947275740625647122e-01
5.949554588771494013e-01
5.949554588771494013e-01
5.951211932877563671e-01
5.951419100890822378e-01
5.953490781023409451e-01
5.953490781023409451e-01
5.962191837580277376e-01
5.962399005593536083e-01
5.964781437746011772e-01
5.964988605759270479e-01
5.965610109799046601e-01
5.965610109799046601e-01
5.966645949865341247e-01
5.966853117878599955e-01
5.976590014501761416e-01
5.977004350528278831e-01
5.978972446654237105e-01
5.979179614667495812e-01
5.979904702713900733e-01
5.979904702713900733e-01
5.986534079138181585e-01
5.986741247151440293e-01
5.986844831158069091e-01
5.987051999171327799e-01
5.993577791588978743e-01
5.993577791588978743e-01
5.994613631655272279e-01
5.994820799668530986e-01
5.995027967681789693e-01
5.995235135695048401e-01
5.995960223741454431e-01
5.995960223741454431e-01
5.996167391754713138e-01
6.001553760099440638e-01
6.001760928112699345e-01
6.006318624404392015e-01
6.006525792417650722e-01
6.014087424901595202e-01
6.014087424901595202e-01
6.020716801325874945e-01
6.020923969339133652e-01
6.023513569504868048e-01
6.023720737518126755e-01
6.033043298114770803e-01
6.033250466128029510e-01
6.034907810234100278e-01
6.035114978247358986e-01
6.038222498446239594e-01
6.038222498446239594e-01
6.038429666459498302e-01
6.040501346592086485e-01
6.040501346592086485e-01
6.044644706857261740e-01
6.044644706857261740e-01
6.045576962916925368e-01
6.045784130930184075e-01
6.048373731095918471e-01
6.048580899109177178e-01
6.050963331261652867e-01
6.051170499274911574e-01
6.052413507354464928e-01
6.052413507354464928e-01
6.054278019473793293e-01
6.054485187487052000e-01
6.067536772322353888e-01
6.067743940335612596e-01
6.077066500932255533e-01
6.077066500932255533e-01
6.098715558317795438e-01
6.098922726331054145e-01
6.099337062357571559e-01
6.099544230370830267e-01
6.108452454940956899e-01
6.108452454940956899e-01
6.108659622954215607e-01
6.108866790967474314e-01
6.120468199709965251e-01
6.120468199709965251e-01
6.125647400041434043e-01
6.125647400041434043e-01
6.129583592293349481e-01
6.129790760306608188e-01
6.134348456598300858e-01
6.134555624611559566e-01
6.145121193287755856e-01
6.145328361301015674e-01
6.145949865340791796e-01
6.145949865340791796e-01
6.158069194116428946e-01
6.158276362129687653e-01
6.158690698156205068e-01
6.158897866169463775e-01
6.183447275740625582e-01
6.183654443753884289e-01
6.184586699813549027e-01
6.184586699813549027e-01
6.192251916304122306e-01
6.192251916304122306e-01
6.193184172363787043e-01
6.193391340377045751e-01
6.194427180443339287e-01
6.194634348456597994e-01
6.195670188522891531e-01
6.195877356536151348e-01
6.204992749119535578e-01
6.205199917132794285e-01
6.221980526206754014e-01
6.222187694220012721e-01
6.236585871141495652e-01
6.236585871141495652e-01
6.238139631240936511e-01
6.238346799254195219e-01
6.243111663559146596e-01
6.243318831572405303e-01
6.267350321110420897e-01
6.267557489123679604e-01
6.272425937435259780e-01
6.272633105448518487e-01
6.288688626476072185e-01
6.288895794489330893e-01
6.290760306608659258e-01
6.290967474621917965e-01
6.292003314688212612e-01
6.292003314688212612e-01
6.292210482701471319e-01
6.301740211311374074e-01
6.301947379324632781e-01
6.302050963331261579e-01
6.302258131344520287e-01
6.317692148332297863e-01
6.317899316345556571e-01
6.320074580484773552e-01
6.320074580484773552e-01
6.324321524756577606e-01
6.324321524756577606e-01
6.326911124922312002e-01
6.327118292935570709e-01
6.332401077273669410e-01
6.332608245286928117e-01
6.333644085353221653e-01
6.333851253366480361e-01
6.339859125750983981e-01
6.340066293764242689e-01
6.342137973896830871e-01
6.342345141910089579e-01
6.352289206546509748e-01
6.352496374559768455e-01
6.352910710586285870e-01
6.352910710586285870e-01
6.356018230785166478e-01
6.356432566811683893e-01
6.361715351149782594e-01
6.361922519163041301e-01
6.366169463434845355e-01
6.366376631448104062e-01
6.374145431945307250e-01
6.374352599958565957e-01
6.380878392376216901e-01
6.381085560389475608e-01
6.382846488502175175e-01
6.383053656515433882e-01
6.390304536979490857e-01
6.390511704992749564e-01
6.413196602444583005e-01
6.413403770457841713e-01
6.419515226848974132e-01
6.419722394862232839e-01
6.421276154961673699e-01
6.421276154961673699e-01
6.423865755127408095e-01
6.423865755127408095e-01
6.425730267246737570e-01
6.425937435259996278e-01
6.429459291485394301e-01
6.429666459498653008e-01
6.439714108141703086e-01
6.439921276154961793e-01
6.441371452247772744e-01
6.441578620261031451e-01
6.445721980526206707e-01
6.445929148539465414e-01
6.450383260824528175e-01
6.450590428837787993e-01
6.451004764864305407e-01
6.451211932877564115e-01
6.459498653407913515e-01
6.459705821421172223e-01
6.463849181686347478e-01
6.464056349699606185e-01
6.465713693805676954e-01
6.465920861818935661e-01
6.466749533871970490e-01
6.466956701885229197e-01
6.476486430495131952e-01
6.476693598508390659e-01
6.477211518541536872e-01
6.477418686554795579e-01
6.501760928112699789e-01
6.501760928112699789e-01
6.515226848974517981e-01
6.515226848974517981e-01
6.516159105034182719e-01
6.516159105034182719e-01
6.519680961259581853e-01
6.519888129272840560e-01
6.523720737518127200e-01
6.523927905531385907e-01
6.524031489538015816e-01
6.524238657551274523e-01
6.525585249637455565e-01
6.525792417650714272e-01
6.542262274704785385e-01
6.542262274704785385e-01
6.543194530764450123e-01
6.543401698777708830e-01
6.546612802983219348e-01
6.546612802983219348e-01
6.556556867619639517e-01
6.556764035632898224e-01
6.557799875699191761e-01
6.558007043712450468e-01
6.559560803811891327e-01
6.559767971825150035e-01
6.563496996063807876e-01
6.563496996063807876e-01
6.563807748083695381e-01
6.564014916096954089e-01
6.565775844209653656e-01
6.565983012222912363e-01
6.570229956494717527e-01
6.570437124507976234e-01
6.577170084938885886e-01
6.577377252952144593e-01
6.588978661694634420e-01
6.589185829707893127e-01
6.592086181893516139e-01
6.592293349906774846e-01
6.608556038947586142e-01
6.608556038947586142e-01
6.617153511497825269e-01
6.617360679511083976e-01
6.629376424280091218e-01
6.629376424280091218e-01
6.629583592293349925e-01
6.642428009115393106e-01
6.642635177128651813e-01
6.644603273254608977e-01
6.644810441267868795e-01
6.647400041433603191e-01
6.647814377460120605e-01
6.659208618189351725e-01
6.659415786202610432e-01
6.669567018852289308e-01
6.669774186865548016e-01
6.671120778951730168e-01
6.671327946964988875e-01
6.683136523720737410e-01
6.683343691733996117e-01
6.701885228920654303e-01
6.701885228920654303e-01
6.708514605344935156e-01
6.708721773358193863e-01
6.711622125543815764e-01
6.711622125543815764e-01
6.717526413921690587e-01
6.717733581934949294e-01
6.718147917961466709e-01
6.718147917961466709e-01
6.722498446239900671e-01
6.722705614253159379e-01
6.725605966438782390e-01
6.725813134452041098e-01
6.750362544023202904e-01
6.750569712036461612e-01
6.750984048062979026e-01
6.751191216076237733e-01
6.757406256474000061e-01
6.757406256474000061e-01
6.761963952765692731e-01
6.762171120778951439e-01
6.766003729024239188e-01
6.766210897037497896e-01
6.769214833229749706e-01
6.769422001243008413e-01
6.769732753262895919e-01
6.769939921276154626e-01
6.770561425315930748e-01
6.770768593329189455e-01
6.772425937435260224e-01
6.772633105448518931e-01
6.775015537600994620e-01
6.775222705614253327e-01
6.780609073958980826e-01
6.780816241972239533e-01
6.783509426144602728e-01
6.783716594157862545e-01
6.790242386575512379e-01
6.790449554588771086e-01
6.797286099026310646e-01
6.797493267039569353e-01
6.797907603066086768e-01
6.798114771079345475e-01
6.800082867205303749e-01
6.800290035218562457e-01
6.807644499689248230e-01
6.807851667702506937e-01
6.810130515848352717e-01
6.810337683861611424e-01
6.810648435881500040e-01
6.810855603894758747e-01
6.814998964159934003e-01
6.815206132173192710e-01
6.817899316345555905e-01
6.818106484358814612e-01
6.831572405220633915e-01
6.831779573233892622e-01
6.836130101512326585e-01
6.836337269525585292e-01
6.844002486016158571e-01
6.844209654029418388e-01
6.846074166148746754e-01
6.846281334162005461e-01
6.852082038533250374e-01
6.852289206546509082e-01
6.853842966645949941e-01
6.854050134659208648e-01
6.857157654858090368e-01
6.857364822871349075e-01
6.863787031282370110e-01
6.864201367308887525e-01
6.867101719494510537e-01
6.867308887507769244e-01
6.869173399627097609e-01
6.869173399627097609e-01
6.871866583799461914e-01
6.871866583799461914e-01
6.878288792210482949e-01
6.878495960223741656e-01
6.881499896415993467e-01
6.881707064429252174e-01
6.889579448933085271e-01
6.889786616946343978e-01
6.891236793039154929e-01
6.891443961052413636e-01
6.914232442510875876e-01
6.914232442510875876e-01
6.921172570955044234e-01
6.921379738968302942e-01
6.922001243008079063e-01
6.922208411021337771e-01
6.934949243836752153e-01
6.934949243836752153e-01
6.935259995856639659e-01
6.935467163869898366e-01
6.935881499896415781e-01
6.936088667909674488e-01
6.947482908638905608e-01
6.947690076652165425e-01
6.958359229334990514e-01
6.958359229334990514e-01
6.960534493474207496e-01
6.960741661487466203e-01
6.962295421586907063e-01
6.962295421586907063e-01
6.970271390097368958e-01
6.970271390097368958e-01
6.972653822249844646e-01
6.972653822249844646e-01
6.975243422415579042e-01
6.975450590428837749e-01
6.978040190594572145e-01
6.978247358607830853e-01
7.047545059042883420e-01
7.047545059042883420e-01
7.049409571162212895e-01
7.049513155168841694e-01
7.049720323182100401e-01
7.049927491195359108e-01
7.050238243215247724e-01
7.050445411228506432e-01
7.073958980733374702e-01
7.074166148746633409e-01
7.082452869276983920e-01
7.082660037290242627e-01
7.084213797389683487e-01
7.084213797389683487e-01
7.089703749741039784e-01
7.089807333747669693e-01
7.091361093847110553e-01
7.091568261860369260e-01
7.117049927491195804e-01
7.117257095504454512e-01
7.119225191630412786e-01
7.119432359643671493e-01
7.123368551895586931e-01
7.123575719908845638e-01
7.125129480008286498e-01
7.125129480008286498e-01
7.126786824114357266e-01
7.126993992127615973e-01
7.127201160140874681e-01
7.127408328154133388e-01
7.134452040604930545e-01
7.134659208618189252e-01
7.134866376631447960e-01
7.135073544644706667e-01
7.138698984876734599e-01
7.138906152889993306e-01
7.158483530142946138e-01
7.158690698156204846e-01
7.166459498653408033e-01
7.166459498653408033e-01
7.168324010772736399e-01
7.168531178785995106e-01
7.182204267661073116e-01
7.182411435674331823e-01
7.191630412264345962e-01
7.191630412264345962e-01
7.194841516469857590e-01
7.194841516469857590e-01
7.198466956701885522e-01
7.198674124715144229e-01
7.214936813755956635e-01
7.214936813755956635e-01
7.221773358193495085e-01
7.221980526206753792e-01
7.222809198259788621e-01
7.223016366273047328e-01
7.223845038326082157e-01
7.223845038326082157e-01
7.230992334783509223e-01
7.230992334783509223e-01
7.235653615081831802e-01
7.236067951108349217e-01
7.248394447897245074e-01
7.248394447897245074e-01
7.260203024652993609e-01
7.260410192666252316e-01
7.270147089289413778e-01
7.270354257302672485e-01
7.275429873627511368e-01
7.275637041640771185e-01
7.285166770250672830e-01
7.285373938263931537e-01
7.288170706442925750e-01
7.288377874456184458e-01
7.293039154754505926e-01
7.293039154754505926e-01
7.295214418893722907e-01
7.295214418893722907e-01
7.305262067536771875e-01
7.305469235550030582e-01
7.308162419722394887e-01
7.308369587735653594e-01
7.310544851874870576e-01
7.310752019888129283e-01
7.312098611974311435e-01
7.312305779987570142e-01
7.320592500517919543e-01
7.320799668531178250e-01
7.325150196809612213e-01
7.325357364822870920e-01
7.330329397141081005e-01
7.330329397141081005e-01
7.333333333333332815e-01
7.333333333333332815e-01
7.333747669359851340e-01
7.333954837373110047e-01
7.334990677439403584e-01
7.335197845452662291e-01
7.344209654029417722e-01
7.344416822042676429e-01
7.344831158069193844e-01
7.345038326082452551e-01
7.357261238864719610e-01
7.357261238864719610e-01
7.360472343070230128e-01
7.360679511083488835e-01
7.367412471514398487e-01
7.367619639527657194e-01
7.374766935985084260e-01
7.374974103998342967e-01
7.375388440024860381e-01
7.375388440024860381e-01
7.378703128236999698e-01
7.378703128236999698e-01
7.380671224362957972e-01
7.380878392376216679e-01
7.388025688833643745e-01
7.388025688833643745e-01
7.390304536979490635e-01
7.390304536979490635e-01
7.399109177542987359e-01
7.399316345556246066e-01
7.407706650093225376e-01
7.407913818106484083e-01
7.429252123472135372e-01
7.429459291485395189e-01
7.429977211518541402e-01
7.430184379531800110e-01
7.435985083903045023e-01
7.436192251916303730e-01
7.438885436088668035e-01
7.439092604101926742e-01
7.441475036254402431e-01
7.441682204267661138e-01
7.444375388440024333e-01
7.444582556453284150e-01
7.445204060493060272e-01
7.445411228506318979e-01
7.446757820592500021e-01
7.446964988605758728e-01
7.447275740625647344e-01
7.447482908638906052e-01
7.450486844831157862e-01
7.450694012844416569e-01
7.461570333540501476e-01
7.461777501553760183e-01
7.471203646157033029e-01
7.471410814170291737e-01
7.472135902216697767e-01
7.472343070229956474e-01
7.476382846488501821e-01
7.476590014501760528e-01
7.481147710793453198e-01
7.481147710793453198e-01
7.484358814998963716e-01
7.484565983012222423e-01
7.494302879635383885e-01
7.494510047648642592e-01
7.498549823907189049e-01
7.498756991920447756e-01
7.504246944271804054e-01
7.504246944271804054e-01
7.510047648643048968e-01
7.510254816656308785e-01
7.517712865133623357e-01
7.517712865133623357e-01
7.534182722187694470e-01
7.534182722187694470e-01
7.536461570333540250e-01
7.536668738346798957e-01
7.542262274704785163e-01
7.542262274704785163e-01
7.543712450797597224e-01
7.543919618810855932e-01
7.545266210897036974e-01
7.545473378910296791e-01
7.548062979076031187e-01
7.548270147089289894e-01
7.550341827221876967e-01
7.550548995235135674e-01
7.550859747255024290e-01
7.550859747255024290e-01
7.555831779573234375e-01
7.555831779573234375e-01
7.562875492024031532e-01
7.563082660037290239e-01
7.564947172156618604e-01
7.564947172156618604e-01
7.579966853117878767e-01
7.579966853117878767e-01
7.590014501760927734e-01
7.590221669774186442e-01
7.595504454112285142e-01
7.595711622125543849e-01
7.597886886264760831e-01
7.598094054278019538e-01
7.601201574476901257e-01
7.601201574476901257e-01
7.609384711000621859e-01
7.609384711000621859e-01
7.609591879013880567e-01
7.609799047027139274e-01
7.611663559146467639e-01
7.611870727159726346e-01
7.621918375802776424e-01
7.622125543816035131e-01
7.626993992127615307e-01
7.627201160140874014e-01
7.629687176299979612e-01
7.629894344313238319e-01
7.633209032525377635e-01
7.633416200538636343e-01
7.635902216697741940e-01
7.636109384711000647e-01
7.638595400870105134e-01
7.638802568883364952e-01
7.640770665009322116e-01
7.640770665009322116e-01
7.643463849181686420e-01
7.643463849181686420e-01
7.657344106070023138e-01
7.657344106070023138e-01
7.660865962295421161e-01
7.660865962295421161e-01
7.660969546302051070e-01
7.661176714315309777e-01
7.665837994613631245e-01
7.666045162626889953e-01
7.695773772529521661e-01
7.695980940542780369e-01
7.701885228920655191e-01
7.701885228920655191e-01
7.701988812927283989e-01
7.702195980940542697e-01
7.708100269318417519e-01
7.708100269318417519e-01
7.729127822664180192e-01
7.729127822664180192e-01
7.749223119950279237e-01
7.749430287963537944e-01
7.759581520613216821e-01
7.759788688626475528e-01
7.762689040812098540e-01
7.762896208825357247e-01
7.764449968924798107e-01
7.764657136938056814e-01
7.771700849388853971e-01
7.771908017402112678e-01
7.783198674124715000e-01
7.783198674124715000e-01
7.803915475450590167e-01
7.803915475450590167e-01
7.806090739589807148e-01
7.806297907603065855e-01
7.808576755748912746e-01
7.808783923762171453e-01
7.814895380153303872e-01
7.815102548166562579e-01
7.816345556246115933e-01
7.816552724259374640e-01
7.819660244458255249e-01
7.819867412471513957e-01
7.849285270354257049e-01
7.849492438367515756e-01
7.856639734824942822e-01
7.856639734824942822e-01
7.861197431116635492e-01
7.861197431116635492e-01
7.864097783302258504e-01
7.864304951315517211e-01
7.864408535322146010e-01
7.864615703335404717e-01
7.871245079759685570e-01
7.871452247772944277e-01
7.879428216283406172e-01
7.879428216283406172e-01
7.879635384296664879e-01
7.893515641185000487e-01
7.893722809198260304e-01
7.902527449761757028e-01
7.902734617775015735e-01
7.916096954630205129e-01
7.916304122643463836e-01
7.916822042676611160e-01
7.917029210689869867e-01
7.917754298736274787e-01
7.917754298736274787e-01
7.919722394862233061e-01
7.919929562875491769e-01
7.928527035425729785e-01
7.928527035425729785e-01
7.932152475657758828e-01
7.932359643671017535e-01
7.939196188108555985e-01
7.939196188108555985e-01
7.939817692148332107e-01
7.940024860161590814e-01
7.942407292314066503e-01
7.942614460327325210e-01
7.949968924798010983e-01
7.949968924798010983e-01
7.954112285063186238e-01
7.954319453076444946e-01
7.955769629169255897e-01
7.955769629169255897e-01
7.959602237414543646e-01
7.959602237414543646e-01
7.962916925626682962e-01
7.963124093639941670e-01
7.970271390097368736e-01
7.970478558110627443e-01
7.991920447482908640e-01
7.991920447482908640e-01
7.992334783509426055e-01
7.992334783509426055e-01
8.018955873213176044e-01
8.018955873213176044e-01
8.025688833644085696e-01
8.025896001657344403e-01
8.033561218147917682e-01
8.033768386161176389e-01
8.038947586492645181e-01
8.039154754505903888e-01
8.059353635798632842e-01
8.059560803811891549e-01
8.064740004143360341e-01
8.064947172156619049e-01
8.070437124507976456e-01
8.070644292521235164e-01
8.073855396726745681e-01
8.074062564740004388e-01
8.077791588978662229e-01
8.077998756991920937e-01
8.093743525999586019e-01
8.093743525999586019e-01
8.107520198881292828e-01
8.107727366894551535e-01
8.108141702921068950e-01
8.108348870934327657e-01
8.125854568054692306e-01
8.125854568054692306e-01
8.138698984876735487e-01
8.138698984876735487e-01
8.154443753884400570e-01
8.154443753884400570e-01
8.155583177957322905e-01
8.155790345970581612e-01
8.156929770043505057e-01
8.157136938056763764e-01
8.159830122229128069e-01
8.160037290242386776e-01
8.166563082660037720e-01
8.166770250673296427e-01
8.170810026931841774e-01
8.171017194945100481e-01
8.179925419515227114e-01
8.179925419515227114e-01
8.196809612595815642e-01
8.196809612595815642e-01
8.197741868655479269e-01
8.197949036668737977e-01
8.198052620675367885e-01
8.198259788688626593e-01
8.201781644914025726e-01
8.201781644914025726e-01
8.213279469649885645e-01
8.213486637663144352e-01
8.216490573855397272e-01
8.216697741868655980e-01
8.223534286306194430e-01
8.223741454319453137e-01
8.225605966438781502e-01
8.225813134452040210e-01
8.230163662730474172e-01
8.230163662730474172e-01
8.241868655479593908e-01
8.242075823492852615e-01
8.249844623990055803e-01
8.250051792003314510e-01
8.258545680546923728e-01
8.258545680546923728e-01
8.268489745183343897e-01
8.268696913196602605e-01
8.271286513362337001e-01
8.271493681375595708e-01
8.278433809819764067e-01
8.278640977833022774e-01
8.288792210482701650e-01
8.288999378495960357e-01
8.289931634555625095e-01
8.290138802568883802e-01
8.296561010979904838e-01
8.296768178993163545e-01
8.300807955251708892e-01
8.300807955251708892e-01
8.326289620882535436e-01
8.326496788895794143e-01
8.330225813134451984e-01
8.330225813134451984e-01
8.334369173399627240e-01
8.334576341412885947e-01
8.339548373731096031e-01
8.339548373731096031e-01
8.340791381810648275e-01
8.340998549823906982e-01
8.345245494095712147e-01
8.345245494095712147e-01
8.346799254195151896e-01
8.346799254195151896e-01
8.380360472343070244e-01
8.380567640356328951e-01
8.382017816449139902e-01
8.382017816449139902e-01
8.382121400455769811e-01
8.382328568469028518e-01
8.385021752641391712e-01
8.385228920654650420e-01
8.396312409363994034e-01
8.396519577377252741e-01
8.404184793867827130e-01
8.404184793867827130e-01
8.405427801947379374e-01
8.405634969960638081e-01
8.419411642842344889e-01
8.419411642842344889e-01
8.425315931220219712e-01
8.425315931220219712e-01
8.431530971617982040e-01
8.431738139631240747e-01
8.449865340791381518e-01
8.450072508804640226e-01
8.472757406256473667e-01
8.472964574269732374e-01
8.488087839237621335e-01
8.488087839237621335e-01
8.514605344934742526e-01
8.514812512948001233e-01
8.515744769007664861e-01
8.515744769007664861e-01
8.516262689040812184e-01
8.516469857054070891e-01
8.569712036461570870e-01
8.570126372488088284e-01
8.581002693184172081e-01
8.581209861197430788e-01
8.583074373316760264e-01
8.583281541330018971e-01
8.587114149575305611e-01
8.587114149575305611e-01
8.588978661694633976e-01
8.589185829707892683e-01
8.591361093847109665e-01
8.591568261860368372e-01
8.596125958152061042e-01
8.596125958152061042e-01
8.611456391133208710e-01
8.611456391133208710e-01
8.611663559146467417e-01
8.614149575305573014e-01
8.614356743318831722e-01
8.615081831365237752e-01
8.615288999378496460e-01
8.618292935570748270e-01
8.618292935570748270e-01
8.619432359643670605e-01
8.619639527656929312e-01
8.627097576134244994e-01
8.627304744147503701e-01
8.642945929148539985e-01
8.643153097161798692e-01
8.645639113320903180e-01
8.645846281334161887e-01
8.652061321731924215e-01
8.652268489745182922e-01
8.654754505904288520e-01
8.654754505904288520e-01
8.659312202195981190e-01
8.659519370209239897e-01
8.668116842759477914e-01
8.668324010772736621e-01
8.676610731303087132e-01
8.676817899316345839e-01
8.686658379946136099e-01
8.686865547959394807e-01
8.692666252330639720e-01
8.692873420343898427e-01
8.708618189351564620e-01
8.708825357364823327e-01
8.710275533457634278e-01
8.710275533457634278e-01
8.711414957530557723e-01
8.711622125543816431e-01
8.740625647400040998e-01
8.740625647400040998e-01
8.756888336440853404e-01
8.757095504454112112e-01
8.762171120778952105e-01
8.762378288792210812e-01
8.765382224984462622e-01
8.765382224984462622e-01
8.770768593329190121e-01
8.770975761342448829e-01
8.782473586078309857e-01
8.782680754091568565e-01
8.782887922104827272e-01
8.783095090118085979e-01
8.800911539258338134e-01
8.800911539258338134e-01
8.805883571576548219e-01
8.806090739589806926e-01
8.826600372902423386e-01
8.826807540915682093e-01
8.827636212968718032e-01
8.827843380981976740e-01
8.875388440024860603e-01
8.875595608038119311e-01
8.882639320488916468e-01
8.882846488502175175e-01
8.887714936813756461e-01
8.887922104827015168e-01
8.906567226020302153e-01
8.906774394033560860e-01
8.915268282577170078e-01
8.915268282577170078e-01
8.966542365858711783e-01
8.966956701885229197e-01
8.981354878806712128e-01
8.981562046819970835e-01
8.983115806919411694e-01
8.983322974932670402e-01
8.986119743111663505e-01
8.986119743111663505e-01
8.990055935363580053e-01
8.990263103376838760e-01
8.990677439403356175e-01
8.990884607416614882e-01
8.996788895794489704e-01
8.996996063807748412e-01
8.997617567847524533e-01
8.997824735860783241e-01
9.003003936192252032e-01
9.003211104205510740e-01
9.010876320696084019e-01
9.011083488709342726e-01
9.027449761756785040e-01
9.027449761756785040e-01
9.032214626061736418e-01
9.032214626061736418e-01
9.049305987155583653e-01
9.049513155168842360e-01
9.052620675367722969e-01
9.052620675367722969e-01
9.070540708514605033e-01
9.070747876527863740e-01
9.093432773979697181e-01
9.093432773979697181e-01
9.129065672260202602e-01
9.129272840273461309e-01
9.131137352392790785e-01
9.131344520406049492e-01
9.155583177957323793e-01
9.155790345970582500e-01
9.165837994613631468e-01
9.166045162626890175e-01
9.173503211104205857e-01
9.173710379117464564e-01
9.207375181272011710e-01
9.207375181272011710e-01
9.215972653822249727e-01
9.216179821835508434e-01
9.220116014087424983e-01
9.220323182100683690e-01
9.242179407499482302e-01
9.242179407499482302e-01
9.248705199917133246e-01
9.248705199917133246e-01
9.251087632069608935e-01
9.251087632069608935e-01
9.264449968924798329e-01
9.264657136938057036e-01
9.275015537600994620e-01
9.275222705614253327e-01
9.292210482701470653e-01
9.292417650714729360e-01
9.302776051377666944e-01
9.302776051377666944e-01
9.304640563496996419e-01
9.304847731510255127e-01
9.315931220219597630e-01
9.316138388232856338e-01
9.319867412471514179e-01
9.320074580484772886e-01
9.324839444789724263e-01
9.324839444789724263e-01
9.326807540915682537e-01
9.326807540915682537e-01
9.340894965817277962e-01
9.341102133830536669e-01
9.349388854360887180e-01
9.349388854360887180e-01
9.359643671017194855e-01
9.359850839030453562e-01
9.363165527242593988e-01
9.363165527242593988e-01
9.368862647607208993e-01
9.368862647607208993e-01
9.373006007872384249e-01
9.373006007872384249e-01
9.374974103998342523e-01
9.374974103998342523e-01
9.377149368137559504e-01
9.377149368137559504e-01
9.377770872177335626e-01
9.377770872177335626e-01
9.416304122643464058e-01
9.416304122643464058e-01
9.418272218769422333e-01
9.418272218769422333e-01
9.425523099233478197e-01
9.425730267246736904e-01
9.425937435259995612e-01
9.426144603273254319e-01
9.426766107313030441e-01
9.426766107313030441e-01
9.461363165527242325e-01
9.461363165527242325e-01
9.472653822249844646e-01
9.472653822249844646e-01
9.473068158276362061e-01
9.473275326289620768e-01
9.479904702713900511e-01
9.480111870727159218e-01
9.531696706028589539e-01
9.531903874041848246e-01
9.544644706857261518e-01
9.544644706857261518e-01
9.551066915268282553e-01
9.551066915268282553e-01
9.558421379738968326e-01
9.558628547752227034e-01
9.558732131758856942e-01
9.558939299772115650e-01
9.586181893515640651e-01
9.586389061528900468e-01
9.587010565568676590e-01
9.587217733581935297e-01
9.617257095504454512e-01
9.617257095504454512e-01
9.624611559975140285e-01
9.624611559975140285e-01
9.641288585042468995e-01
9.641495753055727702e-01
9.647710793453491140e-01
9.647710793453491140e-01
9.676817899316345617e-01
9.677025067329604324e-01
9.682825771700849238e-01
9.683032939714107945e-01
9.686761963952765786e-01
9.686761963952765786e-01
9.710897037497410178e-01
9.710897037497410178e-01
9.749430287963538611e-01
9.749430287963538611e-01
9.774290449554589033e-01
9.774290449554589033e-01
9.777605137766728349e-01
9.777812305779987057e-01
9.782266418065050928e-01
9.782266418065050928e-01
9.797596851046198596e-01
9.797596851046198596e-01
9.815206132173192044e-01
9.815206132173192044e-01
9.816138388232856782e-01
9.816138388232856782e-01
9.828257717008493932e-01
9.828257717008493932e-01
9.831468821214004450e-01
9.831468821214004450e-01
9.838823285684690223e-01
9.838823285684690223e-01
9.872073751812719955e-01
9.872073751812719955e-01
9.876527864097783826e-01
9.876527864097783826e-01
9.886264760720944178e-01
9.886264760720944178e-01
9.905634969960638303e-01
9.905634969960638303e-01
9.911332090325253308e-01
9.911332090325253308e-01
9.917339962709758039e-01
9.917339962709758039e-01
9.921379738968303386e-01
9.921379738968303386e-01
9.941785788274289937e-01
9.941785788274289937e-01
9.943028796353843290e-01
9.943028796353843290e-01
9.947068572612388637e-01
9.947068572612388637e-01
9.962295421586907507e-01
9.962295421586907507e-01
9.964885021752641903e-01
9.965092189765900610e-01
9.973171742282991303e-01
9.973171742282991303e-01
9.980940542780194491e-01
9.980940542780194491e-01
9.981458462813341814e-01
9.981458462813341814e-01
9.984358814998963716e-01
9.984358814998963716e-01
9.998653407913817848e-01
9.998653407913817848e-01
1.000000000000000000e+00
