0.000000000000000000e+00
1.035840066293764162e-05
1.035840066293764264e-04
1.035840066293764264e-04
1.657344106070022659e-04
1.657344106070022659e-04
2.278848145846281326e-04
2.278848145846281326e-04
2.382432152475657725e-04
2.382432152475657725e-04
3.003936192251916121e-04
3.003936192251916121e-04
3.107520198881292520e-04
3.107520198881292520e-04
3.625440232028175058e-04
3.625440232028175058e-04
4.246944271804433454e-04
4.246944271804433454e-04
4.764864304951315450e-04
4.764864304951315450e-04
4.868448311580691849e-04
4.868448311580691849e-04
4.972032318210068249e-04
4.972032318210068249e-04
5.386368344727573846e-04
5.386368344727573846e-04
5.489952351356950245e-04
5.489952351356950245e-04
5.697120364615703043e-04
5.697120364615703043e-04
5.800704371245079443e-04
5.800704371245079443e-04
6.007872384503832241e-04
6.007872384503832241e-04
6.215040397762585040e-04
6.215040397762585040e-04
6.422208411021337838e-04
6.422208411021337838e-04
6.525792417650714237e-04
6.525792417650714237e-04
6.629376424280090637e-04
6.629376424280090637e-04
6.732960430909468120e-04
6.732960430909468120e-04
6.836544437538844519e-04
6.836544437538844519e-04
6.940128444168220919e-04
6.940128444168220919e-04
7.043712450797597318e-04
7.043712450797597318e-04
7.147296457426973717e-04
7.147296457426973717e-04
7.250880464056350116e-04
7.250880464056350116e-04
7.458048477315102915e-04
7.458048477315102915e-04
7.768800497203232113e-04
7.768800497203232113e-04
7.975968510461984911e-04
7.975968510461984911e-04
8.183136523720737710e-04
8.183136523720737710e-04
8.286720530350114109e-04
8.286720530350114109e-04
8.390304536979490508e-04
8.390304536979490508e-04
8.493888543608866908e-04
8.493888543608866908e-04
8.597472550238243307e-04
8.597472550238243307e-04
8.701056556867619706e-04
8.701056556867619706e-04
8.804640563496996105e-04
8.804640563496996105e-04
8.908224570126372505e-04
8.908224570126372505e-04
9.011808576755748904e-04
9.011808576755748904e-04
9.115392583385125303e-04
9.115392583385125303e-04
9.218976590014501702e-04
9.218976590014501702e-04
9.322560596643878102e-04
9.322560596643878102e-04
9.426144603273254501e-04
9.426144603273254501e-04
9.529728609902630900e-04
9.529728609902630900e-04
9.633312616532007299e-04
9.633312616532007299e-04
9.736896623161383699e-04
9.736896623161383699e-04
9.840480629790761182e-04
9.840480629790761182e-04
1.015123264967888930e-03
1.015123264967888930e-03
1.025481665630826678e-03
1.025481665630826678e-03
1.046198466956701958e-03
1.046198466956701958e-03
1.056556867619639489e-03
1.056556867619639489e-03
1.077273668945514769e-03
1.077273668945514769e-03
1.087632069608452517e-03
1.087632069608452517e-03
1.097990470271390049e-03
1.097990470271390049e-03
1.108348870934327797e-03
1.108348870934327797e-03
1.139424072923140609e-03
1.139424072923140609e-03
1.149782473586078357e-03
1.149782473586078357e-03
1.160140874249015889e-03
1.160140874249015889e-03
1.170499274911953637e-03
1.170499274911953637e-03
1.222291278226641728e-03
1.222291278226641728e-03
1.243008079552517008e-03
1.243008079552517008e-03
1.253366480215454756e-03
1.253366480215454756e-03
1.263724880878392288e-03
1.263724880878392288e-03
1.284441682204267568e-03
1.284441682204267568e-03
1.294800082867205316e-03
1.294800082867205316e-03
1.315516884193080596e-03
1.315516884193080596e-03
1.336233685518955876e-03
1.336233685518955876e-03
1.356950486844831156e-03
1.356950486844831156e-03
1.377667288170706435e-03
1.377667288170706435e-03
1.419100890822456995e-03
1.419100890822456995e-03
1.450176092811270023e-03
1.450176092811270023e-03
1.460534493474207555e-03
1.460534493474207555e-03
1.470892894137145303e-03
1.470892894137145303e-03
1.512326496788895863e-03
1.512326496788895863e-03
1.522684897451833394e-03
1.522684897451833394e-03
1.533043298114771143e-03
1.533043298114771143e-03
1.543401698777708674e-03
1.543401698777708674e-03
1.574476900766521702e-03
1.574476900766521702e-03
1.626268904081209794e-03
1.626268904081209794e-03
1.636627304744147542e-03
1.636627304744147542e-03
1.646985705407085073e-03
1.646985705407085073e-03
1.657344106070022822e-03
1.657344106070022822e-03
1.667702506732960353e-03
1.667702506732960353e-03
1.678060907395898102e-03
1.678060907395898102e-03
1.688419308058835633e-03
1.688419308058835633e-03
1.698777708721773382e-03
1.698777708721773382e-03
1.729852910710586193e-03
1.729852910710586193e-03
1.760928112699399221e-03
1.760928112699399221e-03
1.771286513362336753e-03
1.771286513362336753e-03
1.833436917339962809e-03
1.833436917339962809e-03
1.843795318002900340e-03
1.843795318002900340e-03
1.854153718665838089e-03
1.854153718665838089e-03
1.885228920654650900e-03
1.885228920654650900e-03
1.926662523306401460e-03
1.926662523306401460e-03
1.937020923969339208e-03
1.937020923969339208e-03
1.947379324632276740e-03
1.947379324632276740e-03
1.999171327946964831e-03
1.999171327946964831e-03
2.040604930598715391e-03
2.040604930598715391e-03
2.061321731924590887e-03
2.061321731924590887e-03
2.092396933913403916e-03
2.092396933913403916e-03
2.133830536565154475e-03
2.133830536565154475e-03
2.144188937228092007e-03
2.144188937228092007e-03
2.175264139216905035e-03
2.175264139216905035e-03
2.258131344520406154e-03
2.258131344520406154e-03
2.278848145846281217e-03
2.278848145846281217e-03
2.382432152475657833e-03
2.382432152475657833e-03
2.392790553138595365e-03
2.392790553138595365e-03
2.403148953801532896e-03
2.403148953801532896e-03
2.465299357779158953e-03
2.465299357779158953e-03
2.558524963745597604e-03
2.558524963745597604e-03
2.641392169049098723e-03
2.641392169049098723e-03
2.662108970374974220e-03
2.662108970374974220e-03
2.693184172363787248e-03
2.693184172363787248e-03
2.807126579656100962e-03
2.807126579656100962e-03
2.817484980319038927e-03
2.817484980319038927e-03
2.848560182307851522e-03
2.848560182307851522e-03
2.858918582970789487e-03
2.858918582970789487e-03
2.931427387611352641e-03
2.931427387611352641e-03
2.941785788274290606e-03
2.941785788274290606e-03
3.003936192251916229e-03
3.003936192251916229e-03
3.138595400870105440e-03
3.138595400870105440e-03
3.180029003521856433e-03
3.180029003521856433e-03
3.221462606173606993e-03
3.221462606173606993e-03
3.262896208825357552e-03
3.262896208825357552e-03
3.293971410814170147e-03
3.293971410814170147e-03
3.366480215454733735e-03
3.366480215454733735e-03
3.376838616117671266e-03
3.376838616117671266e-03
3.387197016780609232e-03
3.387197016780609232e-03
3.407913818106484295e-03
3.407913818106484295e-03
3.459705821421172386e-03
3.459705821421172386e-03
3.490781023409985414e-03
3.490781023409985414e-03
3.573648228713486533e-03
3.573648228713486533e-03
3.594365030039362030e-03
3.594365030039362030e-03
3.635798632691112590e-03
3.635798632691112590e-03
3.729024238657551241e-03
3.729024238657551241e-03
3.780816241972239332e-03
3.780816241972239332e-03
3.863683447275740451e-03
3.863683447275740451e-03
3.894758649264553479e-03
3.894758649264553479e-03
3.915475450590428542e-03
3.915475450590428542e-03
4.019059457219805592e-03
4.019059457219805592e-03
4.143360265175056838e-03
4.143360265175056838e-03
4.402320281748498161e-03
4.402320281748498161e-03
4.454112285063186252e-03
4.454112285063186252e-03
4.744147503625440604e-03
4.744147503625440604e-03
4.837373109591878821e-03
4.837373109591878821e-03
4.992749119535943962e-03
4.992749119535943962e-03
5.034182722187694088e-03
5.034182722187694088e-03
5.158483530142946201e-03
5.158483530142946201e-03
5.241350735446447320e-03
5.241350735446447320e-03
5.282784338098197446e-03
5.282784338098197446e-03
5.344934742075823503e-03
5.344934742075823503e-03
5.417443546716386657e-03
5.417443546716386657e-03
5.541744354671638770e-03
5.541744354671638770e-03
5.717837165941578974e-03
5.717837165941578974e-03
5.738553967267454037e-03
5.738553967267454037e-03
5.821421172570955156e-03
5.821421172570955156e-03
5.966438781852082332e-03
5.966438781852082332e-03
6.629376424280091287e-03
6.629376424280091287e-03
6.650093225605966350e-03
6.650093225605966350e-03
6.722602030246529504e-03
6.722602030246529504e-03
6.877978040190594645e-03
6.877978040190594645e-03
6.888336440853532611e-03
6.888336440853532611e-03
7.147296457426973067e-03
7.147296457426973067e-03
7.416614874663352355e-03
7.416614874663352355e-03
7.789517298529106959e-03
7.789517298529106959e-03
8.069194116428424213e-03
8.069194116428424213e-03
8.100269318417237241e-03
8.100269318417237241e-03
8.628547752227056986e-03
8.628547752227056986e-03
8.701056556867620140e-03
8.701056556867620140e-03
8.732131758856433168e-03
8.732131758856433168e-03
8.887507768800496574e-03
8.887507768800496574e-03
1.028589185829707937e-02
1.028589185829707937e-02
1.037911746426351846e-02
1.037911746426351846e-02
1.077273668945514899e-02
1.077273668945514899e-02
1.103169670602858858e-02
1.103169670602858858e-02
1.261653200745804781e-02
1.261653200745804781e-02
1.264760720944686084e-02
1.264760720944686084e-02
1.289620882535736507e-02
1.289620882535736507e-02
1.378703128237000232e-02
1.378703128237000232e-02
1.401491609695463061e-02
1.401491609695463061e-02
1.476072094468613982e-02
1.476072094468613982e-02
1.478143774601201575e-02
1.478143774601201575e-02
1.605552102755334470e-02
1.605552102755334470e-02
1.616946343484566145e-02
1.616946343484566145e-02
1.646985705407085290e-02
1.646985705407085290e-02
1.745390511704992750e-02
1.745390511704992750e-02
1.876942200124300658e-02
1.876942200124300658e-02
2.029210689869484149e-02
2.029210689869484149e-02
2.069608452454941086e-02
2.069608452454941086e-02
2.123472135902216770e-02
2.123472135902216770e-02
2.229127822664180719e-02
2.229127822664180719e-02
2.235342863061943325e-02
2.235342863061943325e-02
2.451833436917339945e-02
2.451833436917339945e-02
2.452869276983633828e-02
2.487051999171327812e-02
2.487051999171327812e-02
2.501553760099440790e-02
2.501553760099440790e-02
2.502589600165734326e-02
2.504661280298322093e-02
2.508804640563496932e-02
2.508804640563496932e-02
2.652786409778330398e-02
2.652786409778330398e-02
2.714936813755956108e-02
2.714936813755956108e-02
2.781230577998757003e-02
2.781230577998757003e-02
2.783302258131344423e-02
2.783302258131344423e-02
2.824735860783095243e-02
2.824735860783095243e-02
2.875492024031489624e-02
2.875492024031489624e-02
3.002900352185622693e-02
3.002900352185622693e-02
3.045369794903666702e-02
3.045369794903666702e-02
3.131344520406049298e-02
3.131344520406049298e-02
3.169670602858918468e-02
3.170706442925212004e-02
3.204889165112906335e-02
3.204889165112906335e-02
3.284648850217526672e-02
3.284648850217526672e-02
3.416200538636834233e-02
3.416200538636834233e-02
3.480422622747048056e-02
3.480422622747048056e-02
3.506318624404392015e-02
3.506318624404392015e-02
3.525999585663973368e-02
3.525999585663973368e-02
3.638906152889993806e-02
3.638906152889993806e-02
3.745597679718251638e-02
3.745597679718251638e-02
3.814998964159933836e-02
3.814998964159933836e-02
3.829500725088046120e-02
3.829500725088046120e-02
3.938263932048891719e-02
3.938263932048891719e-02
3.994199295628755170e-02
3.996270975761342242e-02
4.067743940335612207e-02
4.067743940335612207e-02
4.317381396312409275e-02
4.317381396312409275e-02
4.503832608245286750e-02
4.503832608245286750e-02
4.554588771493681132e-02
4.554588771493681132e-02
4.561839651957737968e-02
4.561839651957737968e-02
4.599129894344312908e-02
4.599129894344312908e-02
4.612595815206132349e-02
4.612595815206132349e-02
4.795939506940128522e-02
4.795939506940128522e-02
4.863269111249222953e-02
4.863269111249222953e-02
5.138802568883364674e-02
5.140874249015951747e-02
5.257924176507147024e-02
5.257924176507147024e-02
5.293142738761135585e-02
5.293142738761135585e-02
5.608038118914439318e-02
5.608038118914439318e-02
5.948829500725087704e-02
5.948829500725087704e-02
6.034804226227470647e-02
6.034804226227470647e-02
6.113528071265796754e-02
6.115599751398383827e-02
6.269939921276154737e-02
6.269939921276154737e-02
6.306194323596436835e-02
6.306194323596436835e-02
6.715351149782473883e-02
6.717422829915060956e-02
6.896623161383882983e-02
6.898694841516470055e-02
7.015744769007664638e-02
7.017816449140253099e-02
7.214626061736068019e-02
7.214626061736068019e-02
7.291278226641806359e-02
7.293349906774393432e-02
7.378288792210482838e-02
7.378288792210482838e-02
7.402113113735239724e-02
7.402113113735239724e-02
7.808162419722394776e-02
7.810234099854981848e-02
7.846488502175263946e-02
7.848560182307851019e-02
7.903459705821420933e-02
7.905531385954009393e-02
8.565361508183136352e-02
8.567433188315723425e-02
8.995235135695048290e-02
8.995235135695048290e-02
9.003521856225399356e-02
9.005593536357986428e-02
1.004764864304951294e-01
1.004972032318210001e-01
1.033146882121400434e-01
1.033354050134659141e-01
1.038015330432981165e-01
1.038222498446239872e-01
1.070851460534493482e-01
1.070851460534493482e-01
1.115703335405013458e-01
1.115703335405013458e-01
1.141702921068986909e-01
1.141702921068986909e-01
1.145431945307644472e-01
1.145431945307644472e-01
1.148953801533043328e-01
1.149160969546302036e-01
1.202299564947172106e-01
1.202299564947172106e-01
1.223534286306194319e-01
1.223534286306194319e-01
1.225088046405634901e-01
1.225088046405634901e-01
1.237414543194530758e-01
1.237414543194530758e-01
1.238450383260824572e-01
1.238450383260824572e-01
1.259892272633105492e-01
1.259892272633105492e-01
1.260099440646364199e-01
1.267868241143567387e-01
1.267868241143567387e-01
1.268282577170084802e-01
1.268282577170084802e-01
1.271286513362336890e-01
1.271286513362336890e-01
1.279676817899316477e-01
1.279676817899316477e-01
1.301325875284856104e-01
1.301533043298114811e-01
1.366687383467992678e-01
1.366687383467992678e-01
1.384607416614874742e-01
1.384607416614874742e-01
1.385125336648021510e-01
1.385125336648021510e-01
1.412471514398176975e-01
1.412678682411435682e-01
1.415579034597058139e-01
1.415579034597058139e-01
1.418272218769421888e-01
1.418272218769421888e-01
1.435363579863269123e-01
1.435570747876527831e-01
1.443753884400248710e-01
1.443961052413507418e-01
1.445411228506318646e-01
1.445411228506318646e-01
1.462191837580277542e-01
1.462399005593536250e-01
1.471617982183550943e-01
1.471617982183550943e-01
1.486430495131551566e-01
1.486430495131551566e-01
1.487466335197845380e-01
1.487466335197845380e-01
1.503832608245286862e-01
1.503832608245286862e-01
1.508079552517091471e-01
1.508079552517091471e-01
1.516987777087217826e-01
1.516987777087217826e-01
1.517816449140252655e-01
1.517816449140252655e-01
1.525170913610938428e-01
1.525170913610938428e-01
1.528278433809819870e-01
1.528278433809819870e-01
1.545784130930184241e-01
1.545784130930184241e-01
1.551481251294800079e-01
1.551481251294800079e-01
1.560285891858297080e-01
1.560285891858297080e-01
1.567433188315724146e-01
1.567433188315724146e-01
1.571369380567640417e-01
1.571576548580899124e-01
1.576341412885850501e-01
1.576341412885850501e-01
1.578516677025067205e-01
1.578516677025067205e-01
1.608970374974104112e-01
1.608970374974104112e-01
1.617153511497824714e-01
1.617360679511083421e-01
1.627926248187279989e-01
1.627926248187279989e-01
1.636005800704371238e-01
1.636212968717629945e-01
1.637041640770665052e-01
1.637248808783923759e-01
1.638595400870105634e-01
1.638802568883364341e-01
1.646364201367308822e-01
1.646364201367308822e-01
1.662108970374974182e-01
1.662108970374974182e-01
1.667495338719701681e-01
1.667702506732960388e-01
1.678268075409156956e-01
1.678268075409156956e-01
1.679614667495338831e-01
1.679614667495338831e-01
1.695877356536150682e-01
1.695877356536150682e-01
1.707996685311787832e-01
1.707996685311787832e-01
1.709032525378081646e-01
1.709032525378081646e-01
1.716697741868655480e-01
1.716697741868655480e-01
1.725295214418893774e-01
1.725502382432152482e-01
1.729645742697327460e-01
1.729645742697327460e-01
1.736171535114978126e-01
1.736171535114978126e-01
1.747980111870727216e-01
1.747980111870727216e-01
1.750984048062979026e-01
1.750984048062979026e-01
1.759995856639734735e-01
1.759995856639734735e-01
1.761031696706028549e-01
1.761031696706028549e-01
1.770147089289413611e-01
1.770147089289413611e-01
1.770250673296042965e-01
1.770250673296042965e-01
1.777605137766728738e-01
1.777812305779987445e-01
1.783302258131344575e-01
1.783302258131344575e-01
1.828154133001864412e-01
1.828154133001864412e-01
1.832711829293557082e-01
1.832711829293557082e-01
1.835094261446032771e-01
1.835094261446032771e-01
1.852185622539879728e-01
1.852392790553138713e-01
1.860368759063600608e-01
1.860368759063600608e-01
1.877978040190594611e-01
1.877978040190594611e-01
1.878806712243629717e-01
1.878806712243629717e-01
1.918893722809198177e-01
1.919100890822456884e-01
1.925005179200331429e-01
1.925005179200331429e-01
1.926973275326289703e-01
1.926973275326289703e-01
1.928319867412471578e-01
1.928527035425730285e-01
1.942510876320696078e-01
1.942510876320696078e-01
1.967474621918375854e-01
1.967474621918375854e-01
1.977418686554796023e-01
1.977418686554796023e-01
1.978972446654236605e-01
1.979179614667495313e-01
1.999689247980111773e-01
1.999896415993370757e-01
2.001035840066293647e-01
2.001035840066293647e-01
2.010979904702713816e-01
2.011187072715972524e-01
2.015434016987777133e-01
2.015641185001035840e-01
2.025481665630826655e-01
2.025688833644085363e-01
2.035632898280505532e-01
2.035632898280505532e-01
2.046198466956701822e-01
2.046198466956701822e-01
2.052827843380981843e-01
2.052827843380981843e-01
2.052931427387611474e-01
2.052931427387611474e-01
2.062875492024031365e-01
2.062875492024031365e-01
2.063600580070437118e-01
2.063600580070437118e-01
2.063704164077066472e-01
2.063704164077066472e-01
2.070022788481458431e-01
2.070022788481458431e-01
2.075305572819556577e-01
2.075305572819556577e-01
2.091982597886886397e-01
2.091982597886886397e-01
2.116324839444789774e-01
2.116532007458048481e-01
2.117153511497824603e-01
2.117360679511083588e-01
2.118292935570747770e-01
2.118292935570747770e-01
2.122747047855811087e-01
2.122747047855811087e-01
2.123161383882328501e-01
2.123161383882328501e-01
2.157033354050134633e-01
2.157033354050134633e-01
2.172570955044541008e-01
2.172570955044541008e-01
2.173399627097576114e-01
2.173399627097576114e-01
2.197327532628962077e-01
2.197327532628962077e-01
2.197534700642220784e-01
2.197534700642220784e-01
2.198881292728402659e-01
2.198881292728402659e-01
2.199917132794696473e-01
2.200124300807955180e-01
2.203853325046612743e-01
2.203853325046612743e-01
2.207893101305158368e-01
2.207893101305158368e-01
2.208100269318417352e-01
2.208307437331676060e-01
2.209654029417857934e-01
2.209654029417857934e-01
2.211207789517298516e-01
2.211207789517298516e-01
2.222602030246529914e-01
2.222602030246529914e-01
2.230785166770250794e-01
2.230785166770250794e-01
2.238553967267453981e-01
2.238553967267453981e-01
2.244354671638698895e-01
2.244354671638698895e-01
2.258649264553553027e-01
2.258649264553553027e-01
2.270768593329189899e-01
2.270768593329189899e-01
2.273151025481665588e-01
2.273358193494924295e-01
2.276154961673917676e-01
2.276154961673917676e-01
2.276258545680547030e-01
2.276465713693805737e-01
2.279883985912574962e-01
2.280091153925833947e-01
2.290242386575512823e-01
2.290242386575512823e-01
2.292728402734617865e-01
2.292728402734617865e-01
2.293557074787652694e-01
2.293557074787652694e-01
2.305469235550031137e-01
2.305469235550031137e-01
2.315724052206339367e-01
2.315931220219598075e-01
2.322560596643878095e-01
2.322560596643878095e-01
2.322974932670395787e-01
2.322974932670395787e-01
2.334783509426144599e-01
2.334783509426144599e-01
2.349285270354257438e-01
2.349492438367516145e-01
2.360368759063600497e-01
2.360368759063600497e-01
2.377460120157447732e-01
2.377460120157447732e-01
2.377874456183965146e-01
2.378081624197223853e-01
2.381810648435881417e-01
2.381810648435881417e-01
2.383157240522063292e-01
2.383157240522063292e-01
2.385850424694427319e-01
2.385850424694427319e-01
2.392894137145224753e-01
2.392894137145224753e-01
2.406877978040190547e-01
2.406877978040190547e-01
2.408846074166148821e-01
2.408846074166148821e-01
2.432670395690905429e-01
2.432877563704164137e-01
2.435052827843381118e-01
2.435052827843381118e-01
2.443235964367101720e-01
2.443235964367101720e-01
2.455769629169256285e-01
2.455769629169256285e-01
2.456598301222291392e-01
2.456598301222291392e-01
2.458359229334990681e-01
2.458359229334990681e-01
2.458773565361508096e-01
2.458773565361508096e-01
2.468096125958152143e-01
2.468096125958152143e-01
2.480215454733789016e-01
2.480215454733789016e-01
2.482390718873005997e-01
2.482597886886264704e-01
2.482597886886264704e-01
2.483633726952558518e-01
2.483840894965817225e-01
2.492438367516055520e-01
2.492438367516055520e-01
2.495027967681789915e-01
2.495027967681789915e-01
2.524860161591050423e-01
2.525067329604309130e-01
2.530868033975554043e-01
2.530868033975554043e-01
2.559042883778744337e-01
2.559250051792003045e-01
2.562150403977626056e-01
2.562150403977626056e-01
2.562979076030660885e-01
2.562979076030660885e-01
2.583074373316759931e-01
2.583074373316759931e-01
2.593847110006214929e-01
2.593847110006214929e-01
2.594882950072509020e-01
2.594882950072509020e-01
2.599129894344313074e-01
2.599337062357571781e-01
2.614771079345348803e-01
2.614771079345348803e-01
2.616946343484565785e-01
2.616946343484565785e-01
2.618500103584006644e-01
2.618500103584006644e-01
2.618810855603894705e-01
2.619018023617153412e-01
2.621089703749741040e-01
2.621089703749741040e-01
2.626579656101097893e-01
2.626579656101097893e-01
2.626683240107727246e-01
2.626683240107727246e-01
2.630515848353014441e-01
2.630515848353014441e-01
2.650300393619225425e-01
2.650507561632484133e-01
2.656515434016987753e-01
2.656722602030246461e-01
2.678889579448933134e-01
2.679096747462191841e-01
2.689765900145017485e-01
2.689973068158276193e-01
2.696498860575927137e-01
2.696706028589185844e-01
2.697431116635591319e-01
2.697638284648850027e-01
2.697741868655479380e-01
2.697741868655479380e-01
2.697845452662108734e-01
2.698052620675367996e-01
2.703749741039983556e-01
2.703956909053242263e-01
2.712243629583592219e-01
2.712243629583592219e-01
2.718769422001243163e-01
2.718769422001243163e-01
2.725191630412264199e-01
2.725191630412264199e-01
2.770250673296043020e-01
2.770250673296043020e-01
2.770457841309301728e-01
2.770457841309301728e-01
2.772943857468406770e-01
2.773151025481665477e-01
2.779055313859540299e-01
2.779055313859540299e-01
2.779883985912575128e-01
2.779883985912575128e-01
2.786616946343484780e-01
2.786824114356743487e-01
2.789724466542365944e-01
2.789724466542365944e-01
2.797493267039569131e-01
2.797493267039569131e-01
2.806919411642842532e-01
2.806919411642842532e-01
2.807333747669359947e-01
2.807540915682618654e-01
2.812305779987570031e-01
2.812512948000828739e-01
2.813445204060492921e-01
2.813445204060492921e-01
2.836130101512326362e-01
2.836130101512326362e-01
2.850735446447068555e-01
2.850735446447068555e-01
2.858607830950901096e-01
2.858814998964159804e-01
2.874249015951936825e-01
2.874249015951936825e-01
2.882639320488916690e-01
2.882639320488916690e-01
2.899316345556245955e-01
2.899523513569504662e-01
2.914025274497617501e-01
2.914232442510876209e-01
2.919722394862233061e-01
2.919722394862233061e-01
2.973793246322767869e-01
2.973793246322767869e-01
2.975864926455355497e-01
2.975864926455355497e-01
2.981251294800082996e-01
2.981251294800082996e-01
2.988295007250880708e-01
2.988295007250880708e-01
2.989020095297286184e-01
2.989020095297286184e-01
2.991506111456391226e-01
2.991506111456391226e-01
3.004350528278433852e-01
3.004350528278433852e-01
3.010461984669566826e-01
3.010461984669566826e-01
3.018023617153511307e-01
3.018023617153511307e-01
3.022270561425315916e-01
3.022270561425315916e-01
3.032939714108141560e-01
3.032939714108141560e-01
3.033871970167806298e-01
3.034079138181065005e-01
3.039983426558939272e-01
3.040190594572197980e-01
3.052931427387611252e-01
3.053138595400869959e-01
3.054381603480422758e-01
3.054381603480422758e-01
3.054588771493681465e-01
3.054795939506940172e-01
3.060907395898073147e-01
3.060907395898073147e-01
3.061321731924591116e-01
3.061736067951108531e-01
3.082970789310130466e-01
3.082970789310130466e-01
3.083592293349906588e-01
3.083592293349906588e-01
3.084628133416200679e-01
3.084628133416200679e-01
3.085249637455976801e-01
3.085249637455976801e-01
3.102030246529935975e-01
3.102237414543194682e-01
3.108659622954215718e-01
3.108659622954215718e-01
3.110524135073544638e-01
3.110731303086803345e-01
3.111974311166356144e-01
3.111974311166356144e-01
3.113113735239279034e-01
3.113113735239279034e-01
3.122850631862440496e-01
3.122850631862440496e-01
3.136420136730888597e-01
3.136627304744147304e-01
3.138906152889993639e-01
3.139113320903252347e-01
3.143878185208203724e-01
3.143878185208203724e-01
3.145639113320903291e-01
3.145846281334161998e-01
3.150507561632484022e-01
3.150714729645742729e-01
3.157965610109799148e-01
3.157965610109799148e-01
3.174746219183757767e-01
3.174746219183757767e-01
3.182722187694220217e-01
3.182722187694220217e-01
3.189869484151646728e-01
3.189869484151646728e-01
3.196395276569297672e-01
3.196395276569297672e-01
3.203853325046612799e-01
3.203853325046612799e-01
3.209964781437745773e-01
3.210171949451005036e-01
3.214833229749326504e-01
3.214833229749326504e-01
3.225502382432152704e-01
3.225709550445411411e-01
3.231510254816656325e-01
3.231717422829915032e-01
3.236896623161383824e-01
3.237103791174642531e-01
3.241247151439817786e-01
3.241247151439817786e-01
3.242075823492852615e-01
3.242282991506111323e-01
3.258338512533665021e-01
3.258338512533665021e-01
3.266832401077273684e-01
3.266832401077273684e-01
3.269214833229749373e-01
3.269214833229749373e-01
3.276776465713693853e-01
3.276776465713693853e-01
3.282473586078309413e-01
3.282473586078309413e-01
3.283613010151232858e-01
3.283613010151232858e-01
3.291278226641806692e-01
3.291278226641806692e-01
3.297493267039569020e-01
3.297700435052827728e-01
3.304847731510254794e-01
3.304847731510254794e-01
3.309094675782059403e-01
3.309094675782059403e-01
3.321214004557696553e-01
3.321214004557696553e-01
3.326911124922312113e-01
3.326911124922312113e-01
3.333851253366480472e-01
3.333851253366480472e-01
3.336648021545473575e-01
3.336648021545473575e-01
3.337994613631655172e-01
3.337994613631655172e-01
3.342552309923347842e-01
3.342759477936606549e-01
3.348663766314480816e-01
3.348663766314480816e-01
3.379946136316552829e-01
3.379946136316552829e-01
3.385850424694427097e-01
3.385850424694427097e-01
3.390615288999378474e-01
3.390822457012637181e-01
3.393515641185000931e-01
3.393722809198259638e-01
3.395898073337476619e-01
3.395898073337476619e-01
3.422104827014709194e-01
3.422311995027967901e-01
3.439817692148332551e-01
3.440024860161591258e-01
3.469131966024445735e-01
3.469339134037704442e-01
3.474414750362543880e-01
3.474621918375802587e-01
3.482390718873005775e-01
3.482597886886265037e-01
3.484876735032110817e-01
3.484876735032110817e-01
3.484980319038740171e-01
3.484980319038740171e-01
3.488087839237621890e-01
3.488295007250880597e-01
3.498342655893930120e-01
3.498342655893930120e-01
3.522995649471721835e-01
3.523202817484980542e-01
3.528278433809819981e-01
3.528485601823078688e-01
3.531800290035218559e-01
3.531800290035218559e-01
3.535011394240729077e-01
3.535218562253987784e-01
3.539154754505904332e-01
3.539154754505904332e-01
3.542365858711414850e-01
3.542573026724673557e-01
3.553345763414129110e-01
3.553552931427387818e-01
3.563496996063807987e-01
3.563496996063807987e-01
3.564222084110213462e-01
3.564222084110213462e-01
3.568158276362129455e-01
3.568158276362129455e-01
3.583385125336647770e-01
3.583592293349907032e-01
3.584006629376424446e-01
3.584213797389683154e-01
3.585353221462606044e-01
3.585560389475864751e-01
3.595193702092396859e-01
3.595193702092396859e-01
3.600994406463641773e-01
3.601201574476901035e-01
3.607105862854775302e-01
3.607105862854775302e-01
3.611249223119950003e-01
3.611456391133209265e-01
3.617257095504454179e-01
3.617257095504454179e-01
3.625543816034804134e-01
3.625543816034804134e-01
3.626786824114356933e-01
3.626993992127615640e-01
3.629583592293350036e-01
3.629583592293350036e-01
3.635695048684483011e-01
3.635695048684483011e-01
3.641185001035839863e-01
3.641392169049098571e-01
3.643256681168427491e-01
3.643256681168427491e-01
3.655893929977211410e-01
3.656204681997099470e-01
3.657136938056764208e-01
3.657344106070022915e-01
3.678060907395898083e-01
3.678268075409156790e-01
3.681272011601408600e-01
3.681272011601408600e-01
3.694737932463227903e-01
3.694737932463227903e-01
3.700227884814584756e-01
3.700227884814584756e-01
3.702817484980319152e-01
3.702817484980319152e-01
3.705303501139424194e-01
3.705510669152682901e-01
3.731199502796768153e-01
3.731406670810026860e-01
3.753780816241972240e-01
3.753987984255230947e-01
3.778433809819763955e-01
3.778433809819763955e-01
3.783923762171120808e-01
3.783923762171120808e-01
3.786720530350113911e-01
3.786927698363372619e-01
3.798114771079345586e-01
3.798321939092604294e-01
3.803604723430702439e-01
3.803811891443961146e-01
3.806401491609695542e-01
3.806608659622954249e-01
3.808887507768800584e-01
3.809094675782059292e-01
3.836751605552102817e-01
3.836751605552102817e-01
3.856639734824943155e-01
3.856846902838201863e-01
3.872695255852496299e-01
3.872695255852496299e-01
3.884193080588357327e-01
3.884193080588357327e-01
3.886057592707685693e-01
3.886057592707685693e-01
3.887611352807126552e-01
3.887611352807126552e-01
3.892686969131965991e-01
3.892894137145224698e-01
3.902320281748498099e-01
3.902320281748498099e-01
3.903874041847938403e-01
3.903874041847938403e-01
3.906774394033561415e-01
3.906981562046820122e-01
3.911746426351771500e-01
3.911953594365030207e-01
3.913610938471099865e-01
3.913818106484358572e-01
3.913921690490987926e-01
3.913921690490987926e-01
3.915268282577170078e-01
3.915475450590428785e-01
3.919929562875492102e-01
3.920136730888750809e-01
3.922622747047855851e-01
3.922622747047855851e-01
3.929666459498653563e-01
3.929873627511912271e-01
3.932773979697534728e-01
3.932981147710793435e-01
3.937435259995856751e-01
3.937642428009115458e-01
3.938574684068779641e-01
3.938574684068779641e-01
3.948000828672053042e-01
3.948000828672053042e-01
3.950486844831158084e-01
3.950694012844416791e-01
3.951626268904080974e-01
3.951626268904080974e-01
3.955976797182514937e-01
3.955976797182514937e-01
3.957944893308473211e-01
3.957944893308473211e-01
3.959291485394654808e-01
3.959291485394654808e-01
3.970271390097369069e-01
3.970271390097369069e-01
3.973275326289620879e-01
3.973275326289620879e-01
3.984048062979075877e-01
3.984255230992334584e-01
3.984773151025481908e-01
3.984980319038740615e-01
3.993992127615496046e-01
3.994199295628754753e-01
4.000103584006629576e-01
4.000103584006629576e-01
4.010669152682825866e-01
4.010876320696084574e-01
4.014087424901595091e-01
4.014087424901595091e-01
4.023513569504868492e-01
4.023513569504868492e-01
4.026310337683861595e-01
4.026517505697120303e-01
4.032318210068365216e-01
4.032525378081623924e-01
4.037290242386575301e-01
4.037497410399834008e-01
4.039051170499274868e-01
4.039258338512533575e-01
4.044230370830743659e-01
4.044230370830743659e-01
4.050238243215247835e-01
4.050238243215247835e-01
4.052102755334576201e-01
4.052309923347834908e-01
4.055417443546716627e-01
4.055417443546716627e-01
4.066604516262689040e-01
4.066811684275947747e-01
4.090946757820592694e-01
4.090946757820592694e-01
4.093018437953179767e-01
4.093018437953179767e-01
4.098819142324425235e-01
4.098819142324425235e-01
4.103687590636005966e-01
4.103894758649264674e-01
4.107002278848145838e-01
4.107209446861404545e-01
4.110420551066915062e-01
4.110627719080173770e-01
4.114460327325460964e-01
4.114667495338719672e-01
4.117567847524342128e-01
4.117567847524342128e-01
4.127201160140874237e-01
4.127201160140874237e-01
4.132276776465713675e-01
4.132276776465713675e-01
4.151025481665630568e-01
4.151025481665630568e-01
4.151957737725295305e-01
4.152164905738554013e-01
4.160658794282162676e-01
4.160865962295421383e-01
4.168427594779365863e-01
4.168427594779365863e-01
4.178268075409156679e-01
4.178475243422415386e-01
4.183032939714108056e-01
4.183240107727366763e-01
4.191008908224569951e-01
4.191008908224569951e-01
4.196706028589186066e-01
4.196706028589186066e-01
4.201056556867619474e-01
4.201056556867619474e-01
4.210482701470892875e-01
4.210482701470892875e-01
4.211932877563704380e-01
4.211932877563704380e-01
4.228920654650921707e-01
4.228920654650921707e-01
4.236793039154754248e-01
4.236793039154754248e-01
4.237000207168013510e-01
4.255956080381189111e-01
4.255956080381189111e-01
4.271286513362336779e-01
4.271286513362336779e-01
4.278226641806505137e-01
4.278433809819763844e-01
4.288999378495960135e-01
4.289206546509218843e-01
4.292521234721359269e-01
4.292624818727988623e-01
4.305262067536772541e-01
4.305262067536772541e-01
4.307748083695877583e-01
4.307955251709136291e-01
4.314791796146674741e-01
4.314791796146674741e-01
4.315516884193080771e-01
4.315516884193080771e-01
4.316759892272633015e-01
4.316967060285891722e-01
4.336751605552102706e-01
4.336751605552102706e-01
4.343795318002900419e-01
4.344002486016159126e-01
4.352910710586285203e-01
4.352910710586285203e-01
4.353117878599544466e-01
4.353117878599544466e-01
4.357468406877977873e-01
4.357675574891236581e-01
4.357986326911125197e-01
4.358193494924383904e-01
4.379117464263517778e-01
4.379117464263517778e-01
4.379738968303293900e-01
4.379738968303293900e-01
4.401698777708721866e-01
4.401905945721980573e-01
4.409985498239071822e-01
4.409985498239071822e-01
4.410607002278847943e-01
4.410607002278847943e-01
4.411953594365030096e-01
4.411953594365030096e-01
4.425833851253366258e-01
4.426041019266624965e-01
4.431945307644499787e-01
4.432152475657758495e-01
4.434534907810234183e-01
4.434742075823492891e-01
4.443961052413507584e-01
4.444168220426766291e-01
4.448933084731717669e-01
4.448933084731717669e-01
4.452247772943857540e-01
4.452454940957116247e-01
4.460327325460948789e-01
4.460534493474207496e-01
4.461155997513983618e-01
4.461155997513983618e-01
4.466853117878599733e-01
4.467060285891858440e-01
4.472446654236585939e-01
4.472653822249844646e-01
4.505697120364615671e-01
4.505904288377874378e-01
4.507250880464056531e-01
4.507458048477315238e-01
4.528071265796561051e-01
4.528278433809819759e-01
4.548477315102548157e-01
4.548684483115806865e-01
4.549409571162212340e-01
4.549409571162212340e-01
4.551792003314688029e-01
4.551792003314688029e-01
4.562253987984254966e-01
4.562461155997514228e-01
4.569194116428423325e-01
4.569194116428423325e-01
4.570333540501346770e-01
4.570540708514605477e-01
4.572923140667081165e-01
4.572923140667081165e-01
4.579863269111248969e-01
4.580070437124508231e-01
4.586803397555417328e-01
4.587010565568676035e-01
4.595711622125543960e-01
4.595711622125543960e-01
4.606484358814998958e-01
4.606484358814998958e-01
4.628237000207168217e-01
4.628237000207168217e-01
4.632691112492230978e-01
4.632898280505489685e-01
4.651129065672260365e-01
4.651232649678889719e-01
4.657033354050134633e-01
4.657240522063393340e-01
4.664698570540708467e-01
4.664698570540708467e-01
4.679718251501968074e-01
4.679718251501968074e-01
4.695773772529521217e-01
4.695773772529521217e-01
4.704889165112906557e-01
4.704889165112906557e-01
4.711622125543816209e-01
4.711622125543816209e-01
4.715972653822249616e-01
4.716179821835508323e-01
4.733996270975761589e-01
4.734203438989020296e-01
4.737000207168013399e-01
4.737000207168013399e-01
4.744354671638699172e-01
4.744354671638699172e-01
4.749223119950279903e-01
4.749430287963538611e-01
4.759063600580070164e-01
4.759270768593329426e-01
4.759270768593329426e-01
4.794282162834058170e-01
4.794282162834058170e-01
4.801015123264967821e-01
4.801222291278226528e-01
4.802672467371038034e-01
4.802879635384296741e-01
4.803604723430702217e-01
4.803811891443960924e-01
4.804640563496996308e-01
4.804640563496996308e-01
4.814998964159933892e-01
4.814998964159933892e-01
4.815827636212968721e-01
4.815827636212968721e-01
4.831675989227263157e-01
4.831675989227263157e-01
4.832815413300186602e-01
4.832815413300186602e-01
4.836440853532214534e-01
4.836648021545473242e-01
4.837269525585249363e-01
4.837476693598508626e-01
4.841102133830536558e-01
4.841309301843795265e-01
4.844416822042676429e-01
4.844623990055935137e-01
4.847420758234928795e-01
4.847420758234928795e-01
4.849699606380774575e-01
4.849699606380774575e-01
4.874974103998342412e-01
4.874974103998342412e-01
4.888232856846903007e-01
4.888232856846903007e-01
4.892479801118707061e-01
4.892479801118707061e-01
4.892790553138595677e-01
4.892790553138595677e-01
4.893101305158483738e-01
4.893308473171742445e-01
4.902009529728609816e-01
4.902009529728609816e-01
4.902631033768385937e-01
4.902631033768385937e-01
4.912782266418064814e-01
4.912782266418064814e-01
4.916822042676610716e-01
4.917029210689869423e-01
4.920136730888750587e-01
4.920136730888750587e-01
4.932981147710793213e-01
4.932981147710793213e-01
4.934016987777087304e-01
4.934016987777087304e-01
4.945204060493059717e-01
4.945411228506318424e-01
4.947172156619017991e-01
4.947172156619017991e-01
4.947275740625647344e-01
4.947275740625647344e-01
4.950590428837787216e-01
4.950797596851045923e-01
4.957944893308472989e-01
4.957944893308472989e-01
4.982390718873005997e-01
4.982390718873005997e-01
4.992024031489538105e-01
4.992231199502796812e-01
4.996996063807748190e-01
4.997203231821006897e-01
5.010254816656308785e-01
5.010254816656308785e-01
5.011912160762378443e-01
5.012119328775637150e-01
5.016055521027553699e-01
5.016055521027553699e-01
5.039879842552309475e-01
5.040087010565568182e-01
5.052827843380981454e-01
5.052827843380981454e-01
5.057178371659415417e-01
5.057385539672674124e-01
5.057489123679304033e-01
5.057696291692562740e-01
5.070022788481458598e-01
5.070229956494717305e-01
5.071783716594158165e-01
5.071990884607416872e-01
5.078931013051585230e-01
5.078931013051585230e-01
5.082970789310130577e-01
5.083177957323389284e-01
5.087528485601823247e-01
5.087528485601823247e-01
5.094261446032732898e-01
5.094261446032732898e-01
5.101305158483530056e-01
5.101512326496788763e-01
5.107105862854774969e-01
5.107313030868033676e-01
5.116842759477936431e-01
5.116842759477936431e-01
5.126993992127615307e-01
5.127201160140874014e-01
5.142738761135280390e-01
5.142945929148539097e-01
5.149368137559561243e-01
5.149575305572819950e-01
5.171638698984877269e-01
5.171638698984877269e-01
5.178164491402527103e-01
5.178371659415785810e-01
5.184586699813549249e-01
5.184793867826807956e-01
5.187176299979283645e-01
5.187383467992542352e-01
5.190180236171535455e-01
5.190387404184794162e-01
5.195463020509633045e-01
5.195463020509633045e-01
5.203956909053242263e-01
5.203956909053242263e-01
5.204681997099648294e-01
5.204681997099648294e-01
5.214522477729438554e-01
5.214729645742697262e-01
5.223327118292935278e-01
5.223534286306193986e-01
5.228609902631033979e-01
5.228817070644292686e-01
5.229542158690697606e-01
5.229749326703957424e-01
5.233478350942614155e-01
5.233685518955872862e-01
5.234099854982390276e-01
5.234307022995648984e-01
5.244872591671846385e-01
5.244872591671846385e-01
5.247876527864098195e-01
5.248290863890615610e-01
5.253677232235343109e-01
5.253884400248601816e-01
5.254816656308266554e-01
5.254816656308266554e-01
5.262274704785581125e-01
5.262274704785581125e-01
5.277812305779987501e-01
5.277812305779987501e-01
5.280919825978869220e-01
5.280919825978869220e-01
5.316345556246115933e-01
5.316552724259374640e-01
5.319867412471513957e-01
5.320074580484772664e-01
5.323182100683654383e-01
5.323389268696913090e-01
5.335612181479180149e-01
5.335612181479180149e-01
5.337580277605137313e-01
5.337787445618396021e-01
5.389579448933085049e-01
5.389579448933085049e-01
5.401905945721980906e-01
5.402113113735239613e-01
5.411850010358401075e-01
5.412057178371659782e-01
5.413403770457840825e-01
5.413610938471099532e-01
5.413714522477729441e-01
5.413921690490988148e-01
5.426869691319660127e-01
5.427076859332918835e-01
5.429044955458877109e-01
5.429044955458877109e-01
5.429148539465507017e-01
5.429355707478765725e-01
5.438263932048891247e-01
5.438367516055521156e-01
5.440439196188108228e-01
5.440439196188108228e-01
5.446032732546094435e-01
5.446032732546094435e-01
5.446447068572611849e-01
5.446654236585871667e-01
5.455562461155997189e-01
5.455562461155997189e-01
5.458359229334990292e-01
5.458359229334990292e-01
5.464263517712865115e-01
5.464470685726123822e-01
5.473275326289620546e-01
5.473482494302879253e-01
5.483322974932670624e-01
5.483530142945929331e-01
5.495649471721566481e-01
5.495649471721566481e-01
5.497099647814377432e-01
5.497306815827636139e-01
5.506732960430908985e-01
5.506732960430908985e-01
5.508804640563497168e-01
5.508804640563497168e-01
5.512326496788896302e-01
5.512533664802155009e-01
5.513983840894965960e-01
5.514191008908224667e-01
5.531593122021959408e-01
5.531593122021959408e-01
5.532525378081624146e-01
5.532525378081624146e-01
5.538844002486016382e-01
5.538844002486016382e-01
5.558524963745598013e-01
5.558732131758856720e-01
5.563600580070436896e-01
5.563807748083695603e-01
5.570955044541122669e-01
5.571162212554381377e-01
5.584317381396312063e-01
5.584524549409570771e-01
5.601408742490159298e-01
5.601615910503418005e-01
5.603376838616117572e-01
5.603376838616117572e-01
5.604619846695669816e-01
5.604827014708928523e-01
5.607623782887921626e-01
5.607830950901180334e-01
5.615599751398384631e-01
5.615806919411643339e-01
5.628547752227056611e-01
5.628754920240315318e-01
5.639113320903252902e-01
5.639113320903252902e-01
5.649057385539673071e-01
5.649264553552931778e-01
5.653822249844624448e-01
5.653822249844624448e-01
5.676817899316345395e-01
5.677025067329604102e-01
5.686865547959395473e-01
5.686865547959395473e-01
5.712450797596850816e-01
5.712450797596850816e-01
5.713693805676403059e-01
5.713693805676403059e-01
5.722291278226642186e-01
5.722498446239900893e-01
5.725088046405635289e-01
5.725295214418893996e-01
5.730267246737104081e-01
5.730474414750362788e-01
5.744043919618810889e-01
5.744251087632069597e-01
5.744976175678475627e-01
5.745183343691734335e-01
5.749637455976797096e-01
5.749844623990055803e-01
5.751916304122643986e-01
5.751916304122643986e-01
5.757095504454112778e-01
5.757095504454112778e-01
5.776672881707064500e-01
5.776880049720323207e-01
5.778537393826392865e-01
5.778848145846281481e-01
5.780609073958981048e-01
5.780816241972239755e-01
5.790760306608659924e-01
5.790760306608659924e-01
5.813030868033975951e-01
5.813238036047234658e-01
5.817070644292521298e-01
5.817277812305780005e-01
5.820903252537807937e-01
5.821317588564325352e-01
5.821628340584213968e-01
5.821628340584213968e-01
5.825668116842759314e-01
5.825875284856018022e-01
5.827118292935570265e-01
5.827325460948828972e-01
5.832608245286927673e-01
5.832608245286927673e-01
5.840066293764243355e-01
5.840066293764243355e-01
5.863787031282370332e-01
5.863994199295629040e-01
5.877356536150818433e-01
5.877356536150818433e-01
5.884193080588356883e-01
5.884400248601615591e-01
5.896415993370623942e-01
5.896415993370623942e-01
5.899005593536358338e-01
5.899005593536358338e-01
5.902216697741868856e-01
5.902216697741868856e-01
5.909053242179407306e-01
5.909053242179407306e-01
5.915475450590428341e-01
5.915475450590428341e-01
5.938678268075409106e-01
5.938678268075409106e-01
5.942510876320695745e-01
5.942718044333954452e-01
5.948933084731717891e-01
5.949140252744976598e-01
5.956183965195773755e-01
5.956391133209032462e-01
5.959291485394655474e-01
5.959291485394655474e-01
5.969960638077480564e-01
5.969960638077480564e-01
5.993059871555831419e-01
5.993059871555831419e-01
5.996892479801119169e-01
5.997099647814377876e-01
6.011808576755749423e-01
6.011808576755749423e-01
6.020406049305987439e-01
6.020613217319246147e-01
6.021338305365651067e-01
6.021338305365651067e-01
6.024342241557903987e-01
6.024342241557903987e-01
6.025688833644085030e-01
6.025896001657343737e-01
6.026724673710378566e-01
6.026931841723638383e-01
6.039569090532421747e-01
6.039776258545680454e-01
6.044126786824114417e-01
6.044333954837373124e-01
6.050548995235135452e-01
6.050548995235135452e-01
6.056556867619639073e-01
6.056764035632897780e-01
6.059767971825150701e-01
6.059767971825150701e-01
6.063289828050548724e-01
6.063496996063807432e-01
6.074269732753262430e-01
6.074373316759892338e-01
6.081002693184172081e-01
6.081209861197430788e-01
6.089703749741040006e-01
6.089910917754298714e-01
6.106795110834887241e-01
6.107002278848145949e-01
6.132069608452455078e-01
6.132276776465713786e-01
6.135280712657965596e-01
6.135487880671224303e-01
6.141392169049099126e-01
6.141599337062357833e-01
6.166666666666666963e-01
6.166666666666666963e-01
6.172674539051170584e-01
6.172881707064429291e-01
6.176092811269939808e-01
6.176299979283198516e-01
6.177025067329604546e-01
6.177025067329604546e-01
6.180236171535115064e-01
6.180443339548373771e-01
6.190387404184793940e-01
6.190387404184793940e-01
6.198259788688625926e-01
6.198259788688625926e-01
6.198466956701885744e-01
6.198674124715144451e-01
6.212761549616738765e-01
6.212968717629997473e-01
6.233064014916096518e-01
6.233478350942613933e-01
6.234203438989019963e-01
6.234410607002278670e-01
6.235032111042054792e-01
6.235032111042054792e-01
6.243422415579034102e-01
6.243629583592292809e-01
6.251294800082867198e-01
6.251294800082867198e-01
6.258338512533664355e-01
6.258545680546923062e-01
6.264242800911539177e-01
6.264242800911539177e-01
6.278330225813134602e-01
6.278537393826393309e-01
6.291174642635176673e-01
6.291381810648435380e-01
6.311787859954423041e-01
6.311995027967681748e-01
6.313755956080381315e-01
6.313755956080381315e-01
6.315413300186450973e-01
6.315413300186450973e-01
6.328672053035011569e-01
6.328879221048270276e-01
6.338823285684690445e-01
6.339030453697949152e-01
6.339134037704577951e-01
6.339134037704577951e-01
6.347938678268075785e-01
6.348145846281334492e-01
6.387507768800497754e-01
6.387714936813756461e-01
6.392479801118706728e-01
6.392479801118706728e-01
6.418272218769421888e-01
6.418686554795939303e-01
6.465713693805676954e-01
6.465920861818935661e-01
6.482390718873005664e-01
6.482597886886264371e-01
6.490988191423244791e-01
6.491195359436503498e-01
6.498135487880670746e-01
6.498135487880670746e-01
6.500103584006629021e-01
6.500310752019887728e-01
6.515951937020924012e-01
6.515951937020924012e-01
6.518852289206547024e-01
6.518852289206547024e-01
6.530350113942406942e-01
6.530557281955665649e-01
6.554692355500311152e-01
6.554692355500311152e-01
6.556971203646156932e-01
6.556971203646156932e-01
6.562979076030660552e-01
6.563186244043919260e-01
6.563704164077066583e-01
6.563704164077066583e-01
6.568158276362129344e-01
6.568365444375388051e-01
6.577377252952144593e-01
6.577584420965403300e-01
6.579448933084731665e-01
6.579656101097990373e-01
6.610109799047027002e-01
6.610316967060285709e-01
6.627926248187280267e-01
6.628133416200538974e-01
6.649678889579448970e-01
6.649886057592707678e-01
6.655376009944065085e-01
6.655376009944065085e-01
6.662730474414750859e-01
6.662730474414750859e-01
6.670706442925212754e-01
6.670913610938471461e-01
6.674435467163869484e-01
6.674435467163869484e-01
6.695877356536150682e-01
6.696084524549409389e-01
6.704267661073129991e-01
6.704474829086388699e-01
6.716076237828879636e-01
6.716076237828879636e-01
6.728609902631034201e-01
6.728609902631034201e-01
6.733167598922726871e-01
6.733374766935985578e-01
6.733685518955873084e-01
6.733685518955873084e-01
6.742386575512741009e-01
6.742593743525999717e-01
6.779158897866169875e-01
6.779158897866169875e-01
6.788067122436295397e-01
6.788274290449554105e-01
6.789931634555624873e-01
6.790138802568883580e-01
6.808887507768800473e-01
6.808887507768800473e-01
6.810441267868241333e-01
6.810648435881500040e-01
6.815413300186451417e-01
6.815620468199710125e-01
6.823700020716800818e-01
6.823907188730059525e-01
6.825357364822871586e-01
6.825564532836130294e-01
6.842759477936606327e-01
6.842966645949865034e-01
6.855603894758649508e-01
6.855811062771908215e-01
6.872902423865755450e-01
6.873109591879014157e-01
6.879842552309923809e-01
6.879842552309923809e-01
6.882846488502175619e-01
6.883053656515434326e-01
6.883364408535321832e-01
6.883364408535321832e-01
6.899627097576134238e-01
6.899834265589392945e-01
6.916718458669981473e-01
6.916925626683240180e-01
6.920758234928526820e-01
6.920965402941785527e-01
6.926248187279884228e-01
6.926455355293142935e-01
6.936399419929563104e-01
6.936606587942821811e-01
6.951937020923969479e-01
6.952144188937228186e-01
6.979179614667495590e-01
6.979386782680754298e-01
6.985808991091775333e-01
6.986016159105034040e-01
7.000310752019888172e-01
7.000310752019888172e-01
7.003625440232028598e-01
7.003832608245287306e-01
7.005075616324839549e-01
7.005282784338098256e-01
7.005489952351356964e-01
7.005697120364615671e-01
7.038740418479386696e-01
7.038740418479386696e-01
7.043505282784338073e-01
7.043505282784338073e-01
7.047027139009737207e-01
7.047234307022995914e-01
7.074684068779780732e-01
7.074891236793039440e-01
7.076652164905739006e-01
7.076652164905739006e-01
7.087632069608452712e-01
7.087632069608452712e-01
7.091153925833850735e-01
7.091361093847110553e-01
7.093950694012844949e-01
7.093950694012844949e-01
7.103584006629376502e-01
7.103791174642635209e-01
7.119743111663558999e-01
7.119950279676817706e-01
7.128133416200538308e-01
7.128133416200538308e-01
7.133001864512119594e-01
7.133209032525378301e-01
7.137766728817070971e-01
7.137766728817070971e-01
7.143360265175057178e-01
7.143360265175057178e-01
7.146467785373937787e-01
7.146467785373937787e-01
7.147814377460119939e-01
7.148021545473378646e-01
7.158379946136316230e-01
7.158379946136316230e-01
7.162523306401491485e-01
7.162730474414750192e-01
7.171742282991505624e-01
7.171742282991505624e-01
7.175367723223534666e-01
7.175574891236793373e-01
7.206339341205717508e-01
7.206546509218976215e-01
7.209343277397969318e-01
7.209343277397969318e-01
7.213693805676403281e-01
7.213693805676403281e-01
7.226331054485187755e-01
7.226538222498446462e-01
7.232131758856432668e-01
7.232131758856432668e-01
7.244147503625439910e-01
7.244354671638698617e-01
7.256266832401077060e-01
7.256266832401077060e-01
7.258442096540294042e-01
7.258442096540294042e-01
7.258649264553552749e-01
7.258856432566811456e-01
7.260720944686140932e-01
7.260928112699399639e-01
7.269214833229749040e-01
7.269214833229749040e-01
7.287342034389889811e-01
7.287342034389889811e-01
7.290656722602030237e-01
7.290863890615288945e-01
7.293557074787653249e-01
7.293764242800911957e-01
7.305365651543401784e-01
7.305365651543401784e-01
7.313238036047233770e-01
7.313238036047233770e-01
7.316552724259374196e-01
7.316759892272632904e-01
7.317381396312409025e-01
7.317588564325667733e-01
7.320799668531178250e-01
7.320799668531178250e-01
7.324839444789724707e-01
7.324839444789724707e-01
7.326082452869276951e-01
7.326289620882535658e-01
7.342863061943235570e-01
7.343070229956494277e-01
7.347317174228299441e-01
7.347317174228299441e-01
7.362440439196188402e-01
7.362647607209447109e-01
7.366273047441475041e-01
7.366480215454733749e-01
7.373627511912160815e-01
7.373627511912160815e-01
7.393619225191629951e-01
7.393826393204888658e-01
7.429459291485395189e-01
7.429666459498653897e-01
7.444893308473171656e-01
7.445100476486430363e-01
7.445618396519577686e-01
7.445618396519577686e-01
7.447586492645535960e-01
7.447586492645535960e-01
7.466128029832194146e-01
7.466335197845452853e-01
7.470892894137145523e-01
7.470892894137145523e-01
7.487051999171328021e-01
7.487259167184586728e-01
7.499482079966852677e-01
7.499689247980111384e-01
7.509011808576755431e-01
7.509011808576755431e-01
7.514398176921482930e-01
7.514605344934741638e-01
7.531075201988812751e-01
7.531075201988812751e-01
7.539465506525792060e-01
7.539465506525792060e-01
7.557178371659415417e-01
7.557178371659415417e-01
7.558524963745597569e-01
7.558524963745597569e-01
7.567122436295835586e-01
7.567329604309094293e-01
7.570955044541123335e-01
7.571162212554382043e-01
7.572405220633934286e-01
7.572612388647192994e-01
7.600994406463642550e-01
7.601201574476901257e-01
7.608866790967474536e-01
7.609073958980733243e-01
7.610420551066915396e-01
7.610420551066915396e-01
7.611249223119950225e-01
7.611456391133208932e-01
7.614563911332090651e-01
7.614563911332090651e-01
7.618189351564118583e-01
7.618396519577377290e-01
7.619950279676818150e-01
7.619950279676818150e-01
7.627926248187280045e-01
7.628133416200538752e-01
7.641288585042469439e-01
7.641495753055728146e-01
7.643567433188315219e-01
7.643774601201573926e-01
7.681997099647814853e-01
7.681997099647814853e-01
7.709964781437745884e-01
7.709964781437745884e-01
7.710586285477522006e-01
7.710586285477522006e-01
7.711104205510669329e-01
7.711104205510669329e-01
7.732442510876320618e-01
7.732442510876320618e-01
7.749015951937020530e-01
7.749223119950279237e-01
7.759477936606588022e-01
7.759477936606588022e-01
7.783198674124715000e-01
7.783405842137973707e-01
7.793660658794282492e-01
7.793867826807541199e-01
7.802568883364408014e-01
7.802568883364408014e-01
7.836958773565361192e-01
7.837165941578619899e-01
7.842448725916718599e-01
7.842448725916718599e-01
7.849078102340998342e-01
7.849285270354257049e-01
7.854050134659208426e-01
7.854050134659208426e-01
7.860161591050341956e-01
7.860161591050341956e-01
7.879221048270147465e-01
7.879428216283406172e-01
7.885228920654651086e-01
7.885436088667909793e-01
7.892479801118706950e-01
7.892686969131965657e-01
7.905220633934120222e-01
7.905220633934120222e-01
7.906360058007043667e-01
7.906567226020302375e-01
7.917443546716387281e-01
7.917650714729645989e-01
7.920965402941785305e-01
7.920965402941785305e-01
7.943132380360472533e-01
7.943339548373731240e-01
7.953490781023410117e-01
7.953490781023410117e-01
7.989330847317174245e-01
7.989330847317174245e-01
8.004557696291693114e-01
8.004557696291693114e-01
8.010358400662938028e-01
8.010565568676196735e-01
8.017816449140252599e-01
8.017816449140252599e-01
8.026828257717008031e-01
8.027035425730266738e-01
8.029625025896001134e-01
8.029832193909260951e-01
8.045266210897037418e-01
8.045266210897037418e-01
8.067536772322353444e-01
8.067536772322353444e-01
8.068261860368759475e-01
8.068261860368759475e-01
8.087632069608452490e-01
8.087839237621711197e-01
8.088357157654858520e-01
8.088564325668117228e-01
8.091153925833851623e-01
8.091361093847110331e-01
8.098197638284648781e-01
8.098197638284648781e-01
8.107830950901180334e-01
8.108038118914440151e-01
8.108452454940957566e-01
8.108452454940957566e-01
8.120675367723223514e-01
8.120675367723223514e-01
8.143463849181686864e-01
8.143463849181686864e-01
8.157551274083281179e-01
8.157758442096539886e-01
8.163455562461156001e-01
8.163662730474414708e-01
8.167081002693183933e-01
8.167288170706442640e-01
8.172467371037911432e-01
8.172467371037911432e-01
8.200435052827843574e-01
8.200435052827843574e-01
8.210275533457633834e-01
8.210275533457633834e-01
8.212243629583592108e-01
8.212243629583592108e-01
8.213900973689661766e-01
8.213900973689661766e-01
8.214936813755956413e-01
8.214936813755956413e-01
8.219908846074166497e-01
8.220116014087425205e-01
8.222187694220012277e-01
8.222394862233270985e-01
8.223534286306194430e-01
8.223741454319453137e-01
8.229334990677439343e-01
8.229334990677439343e-01
8.233996270975760812e-01
8.233996270975760812e-01
8.239796975347006835e-01
8.240004143360265543e-01
8.244147503625439688e-01
8.244147503625439688e-01
8.247980111870727438e-01
8.248187279883986145e-01
8.262378288792210368e-01
8.262378288792210368e-01
8.264657136938057258e-01
8.264864304951315965e-01
8.269214833229748818e-01
8.269422001243007525e-01
8.288274290449554327e-01
8.288274290449554327e-01
8.303397555417443288e-01
8.303604723430701995e-01
8.312512948000828628e-01
8.312720116014087335e-01
8.336337269525585514e-01
8.336544437538844221e-01
8.338305365651543788e-01
8.338512533664802495e-01
8.363165527242594210e-01
8.363165527242594210e-01
8.364201367308887747e-01
8.364408535322146454e-01
8.374352599958566623e-01
8.374352599958566623e-01
8.376631448104412403e-01
8.376838616117671110e-01
8.385746840687797743e-01
8.385954008701056450e-01
8.395483737310959205e-01
8.395690905324217912e-01
8.400559353635798088e-01
8.400559353635798088e-01
8.401077273668945411e-01
8.401284441682204118e-01
8.443546716386990392e-01
8.443753884400249099e-01
8.453697949036669268e-01
8.453697949036669268e-01
8.467992541951522290e-01
8.467992541951522290e-01
8.468924798011187027e-01
8.469131966024445735e-01
8.474414750362544435e-01
8.474414750362544435e-01
8.489227263310544780e-01
8.489434431323803487e-01
8.496063807748083230e-01
8.496270975761341937e-01
8.518645121193287872e-01
8.518852289206546580e-01
8.556660451626268982e-01
8.556867619639527689e-01
8.568676196395276223e-01
8.568676196395276223e-01
8.569194116428423547e-01
8.569401284441682254e-01
8.577480836958774058e-01
8.577480836958774058e-01
8.588149989641599147e-01
8.588149989641599147e-01
8.597783302258131810e-01
8.597990470271390517e-01
8.598508390304536730e-01
8.598508390304536730e-01
8.621400455769628879e-01
8.621607623782887586e-01
8.647814377460120161e-01
8.648021545473378868e-01
8.650921897659001880e-01
8.650921897659001880e-01
8.655583177957323349e-01
8.655790345970582056e-01
8.667081002693184377e-01
8.667288170706443085e-01
8.681375595608038509e-01
8.681582763621297216e-01
8.687383467992542130e-01
8.687383467992542130e-01
8.729645742697327293e-01
8.729645742697327293e-01
8.738450383260824017e-01
8.738657551274083835e-01
8.755127408328153837e-01
8.755334576341412545e-01
8.760928112699398751e-01
8.761135280712657458e-01
8.762792624818728227e-01
8.762792624818728227e-01
8.771286513362336335e-01
8.771493681375596152e-01
8.773772529521441932e-01
8.773772529521441932e-01
8.785373938263931759e-01
8.785373938263931759e-01
8.787549202403148740e-01
8.787756370416407448e-01
8.801636627304744165e-01
8.801843795318002872e-01
8.813755956080381315e-01
8.813963124093640022e-01
8.814584628133416144e-01
8.814584628133416144e-01
8.824114356743318899e-01
8.824321524756577606e-01
8.876527864097782938e-01
8.876735032111041646e-01
8.886161176714315602e-01
8.886161176714315602e-01
8.890304536979490857e-01
8.890304536979490857e-01
8.904391961881085171e-01
8.904599129894343879e-01
8.920758234928527486e-01
8.920965402941786193e-01
8.922622747047855851e-01
8.922829915061114558e-01
8.944478972446654463e-01
8.944686140459913171e-01
8.950797596851046700e-01
8.951004764864305407e-01
8.954733789102962138e-01
8.954733789102962138e-01
8.957530557281955241e-01
8.957737725295213949e-01
8.971617982183550666e-01
8.971825150196809373e-01
8.984151646985705231e-01
8.984151646985705231e-01
8.998135487880670746e-01
8.998342655893929454e-01
9.011187072715972635e-01
9.011187072715972635e-01
9.013465920861818415e-01
9.013673088875078232e-01
9.024549409571162029e-01
9.024756577584420736e-01
9.037186658379946502e-01
9.037393826393205210e-01
9.064740004143360119e-01
9.064947172156618826e-01
9.087839237621710975e-01
9.088046405634969682e-01
9.089600165734410542e-01
9.089807333747669249e-01
9.091361093847110109e-01
9.091568261860368816e-01
9.092604101926662352e-01
9.092604101926662352e-01
9.101823078516676491e-01
9.102030246529936308e-01
9.117878599544230189e-01
9.117878599544230189e-01
9.131033768386160876e-01
9.131033768386160876e-01
9.160451626268903969e-01
9.160451626268903969e-01
9.177335819349492496e-01
9.177542987362751203e-01
9.186451211932877836e-01
9.186658379946136543e-01
9.196706028589185511e-01
9.196913196602444218e-01
9.203335405013466364e-01
9.203542573026725071e-01
9.204992749119536022e-01
9.204992749119536022e-01
9.227470478558110756e-01
9.227677646571369463e-01
9.228299150611145585e-01
9.228506318624404292e-01
9.268489745183343675e-01
9.268696913196602383e-01
9.278848145846281259e-01
9.279055313859539966e-01
9.284856018230784880e-01
9.284856018230784880e-01
9.300497203231821164e-01
9.300497203231821164e-01
9.303604723430701773e-01
9.303604723430701773e-01
9.308887507768800473e-01
9.308887507768800473e-01
9.351564118500103051e-01
9.351771286513362869e-01
9.352082038533250374e-01
9.352082038533250374e-01
9.362233271182929251e-01
9.362440439196187958e-01
9.367412471514398042e-01
9.367412471514398042e-01
9.368862647607208993e-01
9.369069815620467701e-01
9.369069815620467701e-01
9.377460120157448120e-01
9.377460120157448120e-01
9.377667288170706827e-01
9.389372280919825453e-01
9.389579448933085271e-01
9.399109177542986915e-01
9.399109177542986915e-01
9.399834265589392945e-01
9.399834265589392945e-01
9.403874041847938292e-01
9.403874041847938292e-01
9.412057178371658894e-01
9.412264346384918712e-01
9.421276154961674143e-01
9.421276154961674143e-01
9.426869691319660349e-01
9.427076859332919057e-01
9.430080795525170867e-01
9.430287963538429574e-01
9.441578620261031896e-01
9.441785788274290603e-01
9.476797182515019902e-01
9.477004350528278609e-01
9.480319038740417925e-01
9.480526206753677743e-01
9.500932256059664294e-01
9.500932256059664294e-01
9.515330432981147224e-01
9.515537600994405931e-01
9.522063393412056875e-01
9.522063393412056875e-01
9.527553345763414283e-01
9.527553345763414283e-01
9.534286306194323934e-01
9.534286306194323934e-01
9.536979490366687129e-01
9.537186658379945836e-01
9.541537186658379799e-01
9.541744354671638506e-01
9.558214211725709619e-01
9.558421379738968326e-01
9.560078723845037985e-01
9.560285891858296692e-01
9.566500932256060130e-01
9.566708100269318837e-01
9.583177957323388840e-01
9.583177957323388840e-01
9.585767557489123236e-01
9.585767557489123236e-01
9.594986534079138485e-01
9.595193702092397192e-01
9.604619846695670038e-01
9.604619846695670038e-01
9.621918375802775980e-01
9.621918375802775980e-01
9.628029832193909510e-01
9.628029832193909510e-01
9.647296457426973726e-01
9.647296457426973726e-01
9.679821835508597427e-01
9.679821835508597427e-01
9.704267661073130435e-01
9.704267661073130435e-01
9.706650093225606124e-01
9.706857261238864831e-01
9.741039983426559301e-01
9.741247151439818008e-01
9.743111663559146374e-01
9.743111663559146374e-01
9.746115599751398184e-01
9.746322767764656891e-01
9.752227056142531714e-01
9.752434224155790421e-01
9.761860368759063267e-01
9.762067536772321974e-01
9.767143153097161967e-01
9.767143153097161967e-01
9.804951315516884369e-01
9.804951315516884369e-01
9.813859540087011002e-01
9.813859540087011002e-01
9.820903252537808159e-01
9.820903252537808159e-01
9.846488502175264612e-01
9.846488502175264612e-01
9.848870934327740301e-01
9.848870934327740301e-01
9.865340791381810304e-01
9.865340791381810304e-01
9.865651543401698920e-01
9.865651543401698920e-01
9.873109591879013491e-01
9.873109591879013491e-01
9.878081624197223576e-01
9.878081624197223576e-01
9.878599544230370899e-01
9.878599544230370899e-01
9.899937849596022188e-01
9.899937849596022188e-01
9.905427801947379596e-01
9.905427801947379596e-01
9.907292314066707961e-01
9.907292314066707961e-01
9.923658587114149165e-01
9.923658587114149165e-01
9.934638491816863981e-01
9.934638491816863981e-01
9.947793660658794668e-01
9.947793660658794668e-01
9.952351356950487338e-01
9.952351356950487338e-01
9.954215869069815703e-01
9.954215869069815703e-01
9.958566397348249666e-01
9.958773565361508373e-01
9.963642013673088549e-01
9.963642013673088549e-01
9.984358814998963716e-01
9.984358814998963716e-01
9.985291071058628454e-01
9.985291071058628454e-01
9.990159519370209740e-01
9.990159519370209740e-01
9.998756991920447756e-01
9.998756991920447756e-01
1.000000000000000000e+00
