2.128242299450718369e-02
2.275705416384879443e-02
2.225322407080774709e-02
2.158350998683760194e-02
1.993856069481752744e-02
2.034871674656274151e-02
1.957530873889136783e-02
1.793486953002083537e-02
1.733680115203578911e-02
1.731506208479230771e-02
1.650273238503931553e-02
1.581315419668866476e-02
1.564950952132607501e-02
1.543977168275729311e-02
1.533268498371952691e-02
1.510154102641846595e-02
1.477022706283978755e-02
1.464927536570975221e-02
1.420170611514798807e-02
1.427654978924995828e-02
1.417587142898637902e-02
1.406654319281703223e-02
1.397289841152403629e-02
1.396245679139113995e-02
1.397804093724284123e-02
1.381348770828227414e-02
1.369081169755642473e-02
1.362205732090192994e-02
1.367093226088277047e-02
1.368286760539619805e-02
1.376043216391106827e-02
1.357438199323353877e-02
1.350684285768268683e-02
1.354589494222040690e-02
1.348407606939465431e-02
1.353592320492348622e-02
1.341316294049860192e-02
1.331003097237513054e-02
1.334185456741270731e-02
1.329940158749274605e-02
1.321849522678304571e-02
1.312883161865162351e-02
1.314694894465725898e-02
1.323735665676739615e-02
1.319082668551485593e-02
1.317214526343623952e-02
1.308527163150689961e-02
1.305164478334882271e-02
1.317805117606340309e-02
1.299545410340973393e-02
