1.143720575126233735e-01
5.113497541331665786e-02
2.420677482180051340e-02
2.020118031610361117e-02
1.941460023980090543e-02
1.944036685427100175e-02
1.936306589768740580e-02
1.929587636047786978e-02
1.920269617751272848e-02
1.931744234925448014e-02
1.931320795361675044e-02
1.927542800058873115e-02
1.942032916978816623e-02
1.940203903071418753e-02
1.929025277970504437e-02
1.924152188049701659e-02
1.939543542651898586e-02
1.942127058988159585e-02
1.927823305559610290e-02
1.925765939925432393e-02
