2.112331750472696071e-02
2.240226087398964130e-02
2.239945641839743984e-02
2.256599801614481496e-02
2.015462744633107414e-02
1.928378449448433021e-02
1.873851270470546990e-02
1.822456346187646681e-02
1.772061855433408953e-02
1.591447744297561084e-02
1.617907569770752826e-02
1.537464683536541622e-02
1.528113099021804512e-02
1.458737804170738041e-02
1.417320590374703676e-02
1.408756099205180773e-02
1.407894591715208067e-02
1.367752977287665928e-02
1.341929459339926030e-02
1.331912823538705833e-02
1.323229706841589498e-02
1.308444124630231582e-02
1.297048251044945893e-02
1.284770022527464799e-02
1.278547404023896127e-02
1.286951917162341974e-02
1.262702750809194772e-02
1.253164743866332607e-02
1.258696695150538815e-02
1.269209655207780701e-02
1.259825781893199846e-02
1.251801960524879555e-02
1.244184321284979612e-02
1.260193102315622891e-02
1.258032463456662010e-02
1.253121325211381358e-02
1.248173944224891668e-02
1.245455638588659208e-02
1.242664027566264644e-02
1.245971611619478558e-02
1.248654146306581690e-02
1.243477350018340651e-02
1.234372440979996342e-02
1.240407264666365528e-02
1.242841009343792318e-02
1.238429394704738430e-02
1.238228997797248022e-02
1.237561148852758981e-02
1.242914098149053119e-02
1.242129039841066186e-02
