2.162232224932637836e-02
2.285665434342917801e-02
2.264123709247925498e-02
2.144177094074877291e-02
2.072995476428091469e-02
1.961319658605943650e-02
1.901155359489596977e-02
1.802104305764248501e-02
1.737565785530206450e-02
1.665400726409413737e-02
1.638014121221189820e-02
1.615348616261727197e-02
1.528690735783871414e-02
1.489170417755272986e-02
1.498883785391837142e-02
1.458798947610582576e-02
1.442508454575400917e-02
1.438718214595462348e-02
1.410219737705712025e-02
1.404614217032854051e-02
