0.000000000000000000e+00
0.000000000000000000e+00
0.000000000000000000e+00
1.031991744066047389e-03
1.031991744066047389e-03
2.063983488132094778e-03
2.063983488132094778e-03
3.095975232198142600e-03
3.095975232198142600e-03
4.127966976264189555e-03
4.127966976264189555e-03
5.159958720330237378e-03
5.159958720330237378e-03
6.191950464396285200e-03
6.191950464396285200e-03
7.223942208462332155e-03
7.223942208462332155e-03
8.255933952528379111e-03
8.255933952528379111e-03
9.287925696594426933e-03
9.287925696594426933e-03
1.135190918472652258e-02
1.135190918472652258e-02
1.341589267285861649e-02
1.341589267285861649e-02
1.444788441692466431e-02
1.444788441692466431e-02
1.547987616099071213e-02
1.547987616099071213e-02
1.960784313725490169e-02
1.960784313725490169e-02
2.786377708978328080e-02
2.786377708978328080e-02
2.992776057791537644e-02
2.992776057791537644e-02
3.611971104231165991e-02
3.611971104231165991e-02
3.715170278637770773e-02
3.715170278637770773e-02
3.818369453044375555e-02
3.818369453044375555e-02
3.921568627450980338e-02
3.921568627450980338e-02
4.024767801857585120e-02
4.024767801857585120e-02
5.159958720330237031e-02
5.159958720330237031e-02
5.985552115583075289e-02
5.985552115583075289e-02
6.295149638802889636e-02
6.295149638802889636e-02
6.604747162022703288e-02
6.604747162022703288e-02
6.707946336429308765e-02
6.707946336429308765e-02
7.533539731682147023e-02
7.533539731682147023e-02
7.636738906088751111e-02
7.636738906088751111e-02
9.700722394220846756e-02
9.700722394220846756e-02
9.907120743034056320e-02
9.907120743034056320e-02
1.021671826625386997e-01
1.021671826625386997e-01
1.062951496388028910e-01
1.062951496388028910e-01
1.083591331269349867e-01
1.083591331269349867e-01
1.124871001031991780e-01
1.124871001031991780e-01
1.176470588235294101e-01
1.176470588235294101e-01
1.207430340557275605e-01
1.207430340557275605e-01
1.228070175438596423e-01
1.228070175438596423e-01
1.248710010319917380e-01
1.248710010319917380e-01
1.259029927760577927e-01
1.259029927760577927e-01
1.269349845201238336e-01
1.269349845201238336e-01
1.279669762641898745e-01
1.279669762641898745e-01
1.300309597523219840e-01
1.300309597523219840e-01
1.310629514963880249e-01
1.310629514963880249e-01
1.362229102167182571e-01
1.362229102167182571e-01
1.403508771929824483e-01
1.403508771929824483e-01
1.424148606811145579e-01
1.424148606811145579e-01
1.434468524251805988e-01
1.434468524251805988e-01
1.465428276573787492e-01
1.465428276573787492e-01
1.506707946336429405e-01
1.506707946336429405e-01
1.609907120743034048e-01
1.609907120743034048e-01
1.620227038183694457e-01
1.620227038183694457e-01
1.682146542827657465e-01
1.682146542827657465e-01
1.692466460268317874e-01
1.692466460268317874e-01
1.713106295149638691e-01
1.713106295149638691e-01
1.744066047471620196e-01
1.744066047471620196e-01
1.764705882352941291e-01
1.764705882352941291e-01
1.785345717234262108e-01
1.785345717234262108e-01
1.795665634674922517e-01
1.795665634674922517e-01
1.836945304437564430e-01
1.836945304437564430e-01
1.867905056759545934e-01
1.867905056759545934e-01
1.940144478844169351e-01
1.940144478844169351e-01
1.960784313725490169e-01
1.960784313725490169e-01
1.971104231166150578e-01
1.971104231166150578e-01
2.022703818369453177e-01
2.022703818369453177e-01
2.063983488132094812e-01
2.063983488132094812e-01
2.084623323013415908e-01
2.084623323013415908e-01
2.105263157894736725e-01
2.105263157894736725e-01
2.115583075335397412e-01
2.115583075335397412e-01
2.156862745098039325e-01
2.156862745098039325e-01
2.167182662538699733e-01
2.167182662538699733e-01
2.198142414860681237e-01
2.198142414860681237e-01
2.229102167182662464e-01
2.229102167182662464e-01
2.239422084623323150e-01
2.239422084623323150e-01
2.249742002063983559e-01
2.249742002063983559e-01
2.260061919504643968e-01
2.260061919504643968e-01
2.342621259029927794e-01
2.342621259029927794e-01
2.352941176470588203e-01
2.352941176470588203e-01
2.363261093911248611e-01
2.363261093911248611e-01
2.383900928792569707e-01
2.383900928792569707e-01
2.404540763673890524e-01
2.404540763673890524e-01
2.425180598555211620e-01
2.425180598555211620e-01
2.445820433436532437e-01
2.445820433436532437e-01
2.456140350877192846e-01
2.456140350877192846e-01
2.518059855521155854e-01
2.518059855521155854e-01
2.528379772961816263e-01
2.528379772961816263e-01
2.569659442724458454e-01
2.569659442724458454e-01
2.579979360165118862e-01
2.579979360165118862e-01
2.590299277605779271e-01
2.590299277605779271e-01
2.600619195046439680e-01
2.600619195046439680e-01
2.610939112487100089e-01
2.610939112487100089e-01
2.641898864809081315e-01
2.641898864809081315e-01
2.672858617131063097e-01
2.672858617131063097e-01
2.693498452012383915e-01
2.693498452012383915e-01
2.703818369453044324e-01
2.703818369453044324e-01
2.745098039215686514e-01
2.745098039215686514e-01
2.755417956656346923e-01
2.755417956656346923e-01
2.786377708978328149e-01
2.786377708978328149e-01
2.807017543859648967e-01
2.807017543859648967e-01
2.817337461300309376e-01
2.817337461300309376e-01
2.827657378740970340e-01
2.827657378740970340e-01
2.837977296181630749e-01
2.837977296181630749e-01
2.848297213622291157e-01
2.848297213622291157e-01
2.858617131062951566e-01
2.858617131062951566e-01
2.868937048503611975e-01
2.868937048503611975e-01
2.879256965944272384e-01
2.879256965944272384e-01
2.889576883384932793e-01
2.889576883384932793e-01
2.899896800825593202e-01
2.899896800825593202e-01
2.920536635706914574e-01
2.920536635706914574e-01
2.941176470588235392e-01
2.941176470588235392e-01
2.961816305469556210e-01
2.961816305469556210e-01
2.972136222910216619e-01
2.972136222910216619e-01
2.982456140350877027e-01
2.982456140350877027e-01
3.013415892672858809e-01
3.013415892672858809e-01
3.023735810113519218e-01
3.023735810113519218e-01
3.034055727554179627e-01
3.034055727554179627e-01
3.044375644994840036e-01
3.044375644994840036e-01
3.054695562435500444e-01
3.054695562435500444e-01
3.065015479876160853e-01
3.065015479876160853e-01
3.085655314757481671e-01
3.085655314757481671e-01
3.106295149638803044e-01
3.106295149638803044e-01
3.116615067079463453e-01
3.116615067079463453e-01
3.126934984520123861e-01
3.126934984520123861e-01
3.157894736842105088e-01
3.157894736842105088e-01
3.168214654282765497e-01
3.168214654282765497e-01
3.178534571723426461e-01
3.178534571723426461e-01
3.188854489164086869e-01
3.188854489164086869e-01
3.199174406604747278e-01
3.199174406604747278e-01
3.209494324045407687e-01
3.209494324045407687e-01
3.219814241486068096e-01
3.219814241486068096e-01
3.230134158926728505e-01
3.230134158926728505e-01
3.240454076367388914e-01
3.240454076367388914e-01
3.250773993808049322e-01
3.250773993808049322e-01
3.261093911248710286e-01
3.261093911248710286e-01
3.271413828689370695e-01
3.271413828689370695e-01
3.281733746130031104e-01
3.281733746130031104e-01
3.302373581011351922e-01
3.302373581011351922e-01
3.312693498452012331e-01
3.312693498452012331e-01
3.323013415892672739e-01
3.323013415892672739e-01
3.333333333333333148e-01
3.333333333333333148e-01
3.343653250773993557e-01
3.343653250773993557e-01
3.353973168214654521e-01
3.353973168214654521e-01
3.364293085655314930e-01
3.364293085655314930e-01
3.374613003095975339e-01
3.374613003095975339e-01
3.384932920536635748e-01
3.384932920536635748e-01
3.395252837977296156e-01
3.395252837977296156e-01
3.405572755417956565e-01
3.405572755417956565e-01
3.415892672858616974e-01
3.415892672858616974e-01
3.426212590299277383e-01
3.426212590299277383e-01
3.436532507739938347e-01
3.436532507739938347e-01
3.446852425180598756e-01
3.446852425180598756e-01
3.457172342621259165e-01
3.457172342621259165e-01
3.467492260061919573e-01
3.467492260061919573e-01
3.477812177502579982e-01
3.477812177502579982e-01
3.488132094943240391e-01
3.488132094943240391e-01
3.508771929824561209e-01
3.508771929824561209e-01
3.519091847265221618e-01
3.519091847265221618e-01
3.529411764705882582e-01
3.529411764705882582e-01
3.539731682146542990e-01
3.539731682146542990e-01
3.550051599587203399e-01
3.550051599587203399e-01
3.560371517027863808e-01
3.560371517027863808e-01
3.570691434468524217e-01
3.570691434468524217e-01
3.581011351909184626e-01
3.581011351909184626e-01
3.591331269349845035e-01
3.591331269349845035e-01
3.601651186790505443e-01
3.601651186790505443e-01
3.611971104231166407e-01
3.611971104231166407e-01
3.622291021671826816e-01
3.622291021671826816e-01
3.632610939112487225e-01
3.632610939112487225e-01
3.642930856553147634e-01
3.642930856553147634e-01
3.653250773993808043e-01
3.653250773993808043e-01
3.663570691434468451e-01
3.663570691434468451e-01
3.673890608875128860e-01
3.673890608875128860e-01
3.684210526315789269e-01
3.684210526315789269e-01
3.694530443756449678e-01
3.694530443756449678e-01
3.704850361197110642e-01
3.704850361197110642e-01
3.725490196078431460e-01
3.725490196078431460e-01
3.735810113519091868e-01
3.735810113519091868e-01
3.746130030959752277e-01
3.746130030959752277e-01
3.756449948400412686e-01
3.756449948400412686e-01
3.766769865841073095e-01
3.766769865841073095e-01
3.777089783281733504e-01
3.777089783281733504e-01
3.787409700722394468e-01
3.787409700722394468e-01
3.797729618163054877e-01
3.797729618163054877e-01
3.808049535603715285e-01
3.808049535603715285e-01
3.818369453044375694e-01
3.818369453044375694e-01
3.828689370485036103e-01
3.828689370485036103e-01
3.839009287925696512e-01
3.839009287925696512e-01
3.849329205366356921e-01
3.849329205366356921e-01
3.859649122807017330e-01
3.859649122807017330e-01
3.869969040247678294e-01
3.869969040247678294e-01
3.880288957688338702e-01
3.880288957688338702e-01
3.890608875128999111e-01
3.890608875128999111e-01
3.900928792569659520e-01
3.911248710010319929e-01
3.911248710010319929e-01
3.921568627450980338e-01
3.921568627450980338e-01
3.931888544891640747e-01
3.931888544891640747e-01
3.931888544891640747e-01
3.931888544891640747e-01
3.942208462332301155e-01
3.942208462332301155e-01
3.952528379772961564e-01
3.952528379772961564e-01
3.962848297213622528e-01
3.962848297213622528e-01
3.973168214654282937e-01
3.973168214654282937e-01
3.983488132094943346e-01
3.983488132094943346e-01
3.993808049535603755e-01
3.993808049535603755e-01
4.004127966976264164e-01
4.004127966976264164e-01
4.014447884416924572e-01
4.014447884416924572e-01
4.024767801857584981e-01
4.024767801857584981e-01
4.035087719298245390e-01
4.035087719298245390e-01
4.045407636738906354e-01
4.045407636738906354e-01
4.055727554179566763e-01
4.055727554179566763e-01
4.066047471620227172e-01
4.066047471620227172e-01
4.076367389060887580e-01
4.076367389060887580e-01
4.086687306501547989e-01
4.086687306501547989e-01
4.097007223942208398e-01
4.097007223942208398e-01
4.107327141382868807e-01
4.107327141382868807e-01
4.117647058823529216e-01
4.117647058823529216e-01
4.127966976264189625e-01
4.127966976264189625e-01
4.138286893704850589e-01
4.138286893704850589e-01
4.148606811145510997e-01
4.148606811145510997e-01
4.158926728586171406e-01
4.158926728586171406e-01
4.158926728586171406e-01
4.158926728586171406e-01
4.169246646026831815e-01
4.169246646026831815e-01
4.179566563467492224e-01
4.179566563467492224e-01
4.189886480908152633e-01
4.189886480908152633e-01
4.200206398348813042e-01
4.200206398348813042e-01
4.210526315789473450e-01
4.210526315789473450e-01
4.220846233230134414e-01
4.220846233230134414e-01
4.231166150670794823e-01
4.231166150670794823e-01
4.241486068111455232e-01
4.241486068111455232e-01
4.251805985552115641e-01
4.251805985552115641e-01
4.251805985552115641e-01
4.251805985552115641e-01
4.262125902992776050e-01
4.262125902992776050e-01
4.272445820433436459e-01
4.272445820433436459e-01
4.282765737874096867e-01
4.282765737874096867e-01
4.293085655314757276e-01
4.293085655314757276e-01
4.303405572755417685e-01
4.303405572755417685e-01
4.303405572755417685e-01
4.303405572755417685e-01
4.313725490196078649e-01
4.313725490196078649e-01
4.324045407636739058e-01
4.324045407636739058e-01
4.324045407636739058e-01
4.324045407636739058e-01
4.324045407636739058e-01
4.324045407636739058e-01
4.324045407636739058e-01
4.324045407636739058e-01
4.334365325077399467e-01
4.334365325077399467e-01
4.334365325077399467e-01
4.334365325077399467e-01
4.344685242518059876e-01
4.344685242518059876e-01
4.355005159958720284e-01
4.355005159958720284e-01
4.355005159958720284e-01
4.355005159958720284e-01
4.355005159958720284e-01
4.355005159958720284e-01
4.355005159958720284e-01
4.355005159958720284e-01
4.355005159958720284e-01
4.355005159958720284e-01
4.365325077399380693e-01
4.365325077399380693e-01
4.365325077399380693e-01
4.365325077399380693e-01
4.365325077399380693e-01
4.365325077399380693e-01
4.365325077399380693e-01
4.365325077399380693e-01
4.365325077399380693e-01
4.365325077399380693e-01
4.375644994840041102e-01
4.375644994840041102e-01
4.385964912280701511e-01
4.385964912280701511e-01
4.396284829721362475e-01
4.396284829721362475e-01
4.406604747162022884e-01
4.406604747162022884e-01
4.406604747162022884e-01
4.406604747162022884e-01
4.416924664602683293e-01
4.416924664602683293e-01
4.427244582043343701e-01
4.427244582043343701e-01
4.437564499484004110e-01
4.437564499484004110e-01
4.447884416924664519e-01
4.447884416924664519e-01
4.458204334365324928e-01
4.458204334365324928e-01
4.468524251805985337e-01
4.468524251805985337e-01
4.468524251805985337e-01
4.478844169246646301e-01
4.478844169246646301e-01
4.489164086687306709e-01
4.489164086687306709e-01
4.499484004127967118e-01
4.499484004127967118e-01
4.509803921568627527e-01
4.509803921568627527e-01
4.509803921568627527e-01
4.509803921568627527e-01
4.520123839009287936e-01
4.520123839009287936e-01
4.530443756449948345e-01
4.530443756449948345e-01
4.540763673890608754e-01
4.540763673890608754e-01
4.540763673890608754e-01
4.540763673890608754e-01
4.551083591331269163e-01
4.551083591331269163e-01
4.561403508771929571e-01
4.561403508771929571e-01
4.561403508771929571e-01
4.561403508771929571e-01
4.561403508771929571e-01
4.561403508771929571e-01
4.571723426212590535e-01
4.571723426212590535e-01
4.571723426212590535e-01
4.571723426212590535e-01
4.582043343653250944e-01
4.582043343653250944e-01
4.592363261093911353e-01
4.592363261093911353e-01
4.602683178534571762e-01
4.602683178534571762e-01
4.613003095975232171e-01
4.613003095975232171e-01
4.623323013415892579e-01
4.623323013415892579e-01
4.633642930856552988e-01
4.633642930856552988e-01
4.643962848297213397e-01
4.643962848297213397e-01
4.654282765737874361e-01
4.654282765737874361e-01
4.664602683178534770e-01
4.664602683178534770e-01
4.674922600619195179e-01
4.674922600619195179e-01
4.685242518059855588e-01
4.685242518059855588e-01
4.695562435500515996e-01
4.695562435500515996e-01
4.705882352941176405e-01
4.705882352941176405e-01
4.705882352941176405e-01
4.705882352941176405e-01
4.716202270381836814e-01
4.716202270381836814e-01
4.726522187822497223e-01
4.726522187822497223e-01
4.736842105263157632e-01
4.736842105263157632e-01
4.736842105263157632e-01
4.736842105263157632e-01
4.747162022703818596e-01
4.747162022703818596e-01
4.747162022703818596e-01
4.747162022703818596e-01
4.747162022703818596e-01
4.747162022703818596e-01
4.747162022703818596e-01
4.747162022703818596e-01
4.757481940144479005e-01
4.757481940144479005e-01
4.767801857585139413e-01
4.767801857585139413e-01
4.767801857585139413e-01
4.767801857585139413e-01
4.778121775025799822e-01
4.778121775025799822e-01
4.788441692466460231e-01
4.788441692466460231e-01
4.798761609907120640e-01
4.798761609907120640e-01
4.809081527347781049e-01
4.809081527347781049e-01
4.819401444788441458e-01
4.819401444788441458e-01
4.829721362229102422e-01
4.829721362229102422e-01
4.829721362229102422e-01
4.829721362229102422e-01
4.840041279669762830e-01
4.840041279669762830e-01
4.850361197110423239e-01
4.850361197110423239e-01
4.860681114551083648e-01
4.860681114551083648e-01
4.871001031991744057e-01
4.871001031991744057e-01
4.881320949432404466e-01
4.881320949432404466e-01
4.891640866873064875e-01
4.891640866873064875e-01
4.901960784313725283e-01
4.901960784313725283e-01
4.912280701754385692e-01
4.912280701754385692e-01
4.912280701754385692e-01
4.912280701754385692e-01
4.922600619195046656e-01
4.922600619195046656e-01
4.932920536635707065e-01
4.932920536635707065e-01
4.943240454076367474e-01
4.943240454076367474e-01
4.953560371517027883e-01
4.953560371517027883e-01
4.953560371517027883e-01
4.953560371517027883e-01
4.963880288957688292e-01
4.963880288957688292e-01
4.974200206398348700e-01
4.974200206398348700e-01
4.984520123839009109e-01
4.984520123839009109e-01
4.984520123839009109e-01
4.984520123839009109e-01
4.994840041279669518e-01
4.994840041279669518e-01
5.005159958720329927e-01
5.005159958720329927e-01
5.005159958720329927e-01
5.005159958720329927e-01
5.015479876160990891e-01
5.015479876160990891e-01
5.025799793601650745e-01
5.025799793601650745e-01
5.036119711042311708e-01
5.036119711042311708e-01
5.036119711042311708e-01
5.036119711042311708e-01
5.036119711042311708e-01
5.036119711042311708e-01
5.046439628482972672e-01
5.046439628482972672e-01
5.046439628482972672e-01
5.046439628482972672e-01
5.046439628482972672e-01
5.046439628482972672e-01
5.046439628482972672e-01
5.046439628482972672e-01
5.056759545923632526e-01
5.056759545923632526e-01
5.067079463364293490e-01
5.067079463364293490e-01
5.077399380804953344e-01
5.077399380804953344e-01
5.087719298245614308e-01
5.087719298245614308e-01
5.098039215686274161e-01
5.098039215686274161e-01
5.108359133126935125e-01
5.108359133126935125e-01
5.118679050567594979e-01
5.118679050567594979e-01
5.128998968008255943e-01
5.128998968008255943e-01
5.139318885448916907e-01
5.139318885448916907e-01
5.149638802889576761e-01
5.149638802889576761e-01
5.149638802889576761e-01
5.149638802889576761e-01
5.149638802889576761e-01
5.149638802889576761e-01
5.159958720330237725e-01
5.159958720330237725e-01
5.170278637770897578e-01
5.170278637770897578e-01
5.180598555211558542e-01
5.180598555211558542e-01
5.190918472652218396e-01
5.190918472652218396e-01
5.201238390092879360e-01
5.201238390092879360e-01
5.211558307533539214e-01
5.211558307533539214e-01
5.221878224974200178e-01
5.221878224974200178e-01
5.232198142414861142e-01
5.232198142414861142e-01
5.242518059855520995e-01
5.242518059855520995e-01
5.242518059855520995e-01
5.242518059855520995e-01
5.252837977296181959e-01
5.252837977296181959e-01
5.263157894736841813e-01
5.263157894736841813e-01
5.263157894736841813e-01
5.263157894736841813e-01
5.273477812177502777e-01
5.273477812177502777e-01
5.283797729618162631e-01
5.283797729618162631e-01
5.294117647058823595e-01
5.294117647058823595e-01
5.304437564499484559e-01
5.304437564499484559e-01
5.314757481940144412e-01
5.314757481940144412e-01
5.325077399380805376e-01
5.325077399380805376e-01
5.335397316821465230e-01
5.335397316821465230e-01
5.345717234262126194e-01
5.345717234262126194e-01
5.345717234262126194e-01
5.345717234262126194e-01
5.356037151702786048e-01
5.356037151702786048e-01
5.356037151702786048e-01
5.356037151702786048e-01
5.356037151702786048e-01
5.356037151702786048e-01
5.366357069143447012e-01
5.366357069143447012e-01
5.376676986584106865e-01
5.376676986584106865e-01
5.386996904024767829e-01
5.386996904024767829e-01
5.397316821465428793e-01
5.397316821465428793e-01
5.397316821465428793e-01
5.397316821465428793e-01
5.407636738906088647e-01
5.407636738906088647e-01
5.417956656346749611e-01
5.417956656346749611e-01
5.428276573787409465e-01
5.428276573787409465e-01
5.428276573787409465e-01
5.428276573787409465e-01
5.438596491228070429e-01
5.438596491228070429e-01
5.448916408668730282e-01
5.448916408668730282e-01
5.448916408668730282e-01
5.448916408668730282e-01
5.459236326109391246e-01
5.459236326109391246e-01
5.469556243550051100e-01
5.469556243550051100e-01
5.479876160990712064e-01
5.479876160990712064e-01
5.490196078431373028e-01
5.490196078431373028e-01
5.500515995872032882e-01
5.500515995872032882e-01
5.510835913312693846e-01
5.510835913312693846e-01
5.510835913312693846e-01
5.510835913312693846e-01
5.521155830753353699e-01
5.521155830753353699e-01
5.531475748194014663e-01
5.531475748194014663e-01
5.541795665634674517e-01
5.541795665634674517e-01
5.552115583075335481e-01
5.552115583075335481e-01
5.562435500515995335e-01
5.562435500515995335e-01
5.572755417956656299e-01
5.572755417956656299e-01
5.583075335397317263e-01
5.583075335397317263e-01
5.593395252837977116e-01
5.593395252837977116e-01
5.593395252837977116e-01
5.603715170278638080e-01
5.603715170278638080e-01
5.603715170278638080e-01
5.603715170278638080e-01
5.614035087719297934e-01
5.614035087719297934e-01
5.624355005159958898e-01
5.624355005159958898e-01
5.624355005159958898e-01
5.624355005159958898e-01
5.634674922600618752e-01
5.634674922600618752e-01
5.634674922600618752e-01
5.634674922600618752e-01
5.644994840041279716e-01
5.644994840041279716e-01
5.655314757481940680e-01
5.655314757481940680e-01
5.665634674922600533e-01
5.665634674922600533e-01
5.675954592363261497e-01
5.675954592363261497e-01
5.686274509803921351e-01
5.686274509803921351e-01
5.686274509803921351e-01
5.686274509803921351e-01
5.696594427244582315e-01
5.696594427244582315e-01
5.706914344685242169e-01
5.706914344685242169e-01
5.717234262125903133e-01
5.717234262125903133e-01
5.717234262125903133e-01
5.717234262125903133e-01
5.727554179566562986e-01
5.727554179566562986e-01
5.737874097007223950e-01
5.737874097007223950e-01
5.748194014447884914e-01
5.748194014447884914e-01
5.758513931888544768e-01
5.758513931888544768e-01
5.758513931888544768e-01
5.758513931888544768e-01
5.758513931888544768e-01
5.758513931888544768e-01
5.758513931888544768e-01
5.758513931888544768e-01
5.758513931888544768e-01
5.758513931888544768e-01
5.758513931888544768e-01
5.758513931888544768e-01
5.758513931888544768e-01
5.758513931888544768e-01
5.768833849329205732e-01
5.768833849329205732e-01
5.768833849329205732e-01
5.768833849329205732e-01
5.768833849329205732e-01
5.768833849329205732e-01
5.779153766769865586e-01
5.779153766769865586e-01
5.789473684210526550e-01
5.789473684210526550e-01
5.799793601651186403e-01
5.799793601651186403e-01
5.810113519091847367e-01
5.810113519091847367e-01
5.820433436532507221e-01
5.820433436532507221e-01
5.820433436532507221e-01
5.820433436532507221e-01
5.830753353973168185e-01
5.830753353973168185e-01
5.841073271413829149e-01
5.841073271413829149e-01
5.841073271413829149e-01
5.841073271413829149e-01
5.851393188854489003e-01
5.851393188854489003e-01
5.861713106295149966e-01
5.861713106295149966e-01
5.872033023735809820e-01
5.872033023735809820e-01
5.872033023735809820e-01
5.872033023735809820e-01
5.872033023735809820e-01
5.872033023735809820e-01
5.882352941176470784e-01
5.882352941176470784e-01
5.892672858617130638e-01
5.892672858617130638e-01
5.902992776057791602e-01
5.902992776057791602e-01
5.902992776057791602e-01
5.902992776057791602e-01
5.913312693498452566e-01
5.913312693498452566e-01
5.923632610939112420e-01
5.923632610939112420e-01
5.923632610939112420e-01
5.923632610939112420e-01
5.923632610939112420e-01
5.923632610939112420e-01
5.933952528379773383e-01
5.933952528379773383e-01
5.944272445820433237e-01
5.944272445820433237e-01
5.954592363261094201e-01
5.954592363261094201e-01
5.964912280701754055e-01
5.964912280701754055e-01
5.975232198142415019e-01
5.975232198142415019e-01
5.985552115583074873e-01
5.985552115583074873e-01
5.995872033023735836e-01
5.995872033023735836e-01
6.006191950464396800e-01
6.006191950464396800e-01
6.016511867905056654e-01
6.016511867905056654e-01
6.026831785345717618e-01
6.026831785345717618e-01
6.037151702786377472e-01
6.037151702786377472e-01
6.047471620227038436e-01
6.047471620227038436e-01
6.047471620227038436e-01
6.047471620227038436e-01
6.047471620227038436e-01
6.047471620227038436e-01
6.047471620227038436e-01
6.047471620227038436e-01
6.057791537667698289e-01
6.057791537667698289e-01
6.057791537667698289e-01
6.057791537667698289e-01
6.068111455108359253e-01
6.068111455108359253e-01
6.068111455108359253e-01
6.068111455108359253e-01
6.078431372549019107e-01
6.078431372549019107e-01
6.088751289989680071e-01
6.088751289989680071e-01
6.099071207430341035e-01
6.099071207430341035e-01
6.109391124871000889e-01
6.109391124871000889e-01
6.109391124871000889e-01
6.109391124871000889e-01
6.119711042311661853e-01
6.119711042311661853e-01
6.119711042311661853e-01
6.119711042311661853e-01
6.130030959752321706e-01
6.130030959752321706e-01
6.140350877192982670e-01
6.140350877192982670e-01
6.150670794633642524e-01
6.150670794633642524e-01
6.150670794633642524e-01
6.150670794633642524e-01
6.150670794633642524e-01
6.150670794633642524e-01
6.160990712074303488e-01
6.160990712074303488e-01
6.160990712074303488e-01
6.160990712074303488e-01
6.160990712074303488e-01
6.160990712074303488e-01
6.171310629514963342e-01
6.171310629514963342e-01
6.181630546955624306e-01
6.181630546955624306e-01
6.191950464396285270e-01
6.191950464396285270e-01
6.202270381836945123e-01
6.202270381836945123e-01
6.212590299277606087e-01
6.212590299277606087e-01
6.222910216718265941e-01
6.222910216718265941e-01
6.222910216718265941e-01
6.222910216718265941e-01
6.233230134158926905e-01
6.233230134158926905e-01
6.233230134158926905e-01
6.233230134158926905e-01
6.233230134158926905e-01
6.233230134158926905e-01
6.233230134158926905e-01
6.233230134158926905e-01
6.243550051599586759e-01
6.243550051599586759e-01
6.243550051599586759e-01
6.243550051599586759e-01
6.253869969040247723e-01
6.253869969040247723e-01
6.264189886480908687e-01
6.264189886480908687e-01
6.274509803921568540e-01
6.274509803921568540e-01
6.284829721362229504e-01
6.284829721362229504e-01
6.295149638802889358e-01
6.295149638802889358e-01
6.305469556243550322e-01
6.305469556243550322e-01
6.315789473684210176e-01
6.315789473684210176e-01
6.315789473684210176e-01
6.315789473684210176e-01
6.326109391124871140e-01
6.326109391124871140e-01
6.336429308565530993e-01
6.336429308565530993e-01
6.346749226006191957e-01
6.346749226006191957e-01
6.357069143446852921e-01
6.357069143446852921e-01
6.367389060887512775e-01
6.367389060887512775e-01
6.377708978328173739e-01
6.377708978328173739e-01
6.388028895768833593e-01
6.388028895768833593e-01
6.388028895768833593e-01
6.388028895768833593e-01
6.398348813209494557e-01
6.398348813209494557e-01
6.418988648090815374e-01
6.418988648090815374e-01
6.429308565531475228e-01
6.429308565531475228e-01
6.429308565531475228e-01
6.429308565531475228e-01
6.429308565531475228e-01
6.429308565531475228e-01
6.439628482972136192e-01
6.439628482972136192e-01
6.439628482972136192e-01
6.439628482972136192e-01
6.439628482972136192e-01
6.439628482972136192e-01
6.439628482972136192e-01
6.439628482972136192e-01
6.439628482972136192e-01
6.439628482972136192e-01
6.439628482972136192e-01
6.439628482972136192e-01
6.449948400412797156e-01
6.449948400412797156e-01
6.460268317853457010e-01
6.460268317853457010e-01
6.460268317853457010e-01
6.460268317853457010e-01
6.470588235294117974e-01
6.470588235294117974e-01
6.470588235294117974e-01
6.470588235294117974e-01
6.470588235294117974e-01
6.470588235294117974e-01
6.480908152734777827e-01
6.480908152734777827e-01
6.480908152734777827e-01
6.480908152734777827e-01
6.491228070175438791e-01
6.491228070175438791e-01
6.491228070175438791e-01
6.491228070175438791e-01
6.491228070175438791e-01
6.491228070175438791e-01
6.501547987616098645e-01
6.501547987616098645e-01
6.511867905056759609e-01
6.511867905056759609e-01
6.522187822497420573e-01
6.522187822497420573e-01
6.522187822497420573e-01
6.522187822497420573e-01
6.522187822497420573e-01
6.522187822497420573e-01
6.522187822497420573e-01
6.522187822497420573e-01
6.532507739938080427e-01
6.532507739938080427e-01
6.532507739938080427e-01
6.532507739938080427e-01
6.542827657378741391e-01
6.542827657378741391e-01
6.542827657378741391e-01
6.542827657378741391e-01
6.553147574819401244e-01
6.553147574819401244e-01
6.563467492260062208e-01
6.563467492260062208e-01
6.563467492260062208e-01
6.563467492260062208e-01
6.573787409700722062e-01
6.573787409700722062e-01
6.584107327141383026e-01
6.584107327141383026e-01
6.584107327141383026e-01
6.584107327141383026e-01
6.594427244582042880e-01
6.594427244582042880e-01
6.594427244582042880e-01
6.594427244582042880e-01
6.594427244582042880e-01
6.594427244582042880e-01
6.594427244582042880e-01
6.594427244582042880e-01
6.604747162022703844e-01
6.604747162022703844e-01
6.615067079463364808e-01
6.615067079463364808e-01
6.625386996904024661e-01
6.625386996904024661e-01
6.635706914344685625e-01
6.635706914344685625e-01
6.635706914344685625e-01
6.635706914344685625e-01
6.635706914344685625e-01
6.635706914344685625e-01
6.635706914344685625e-01
6.635706914344685625e-01
6.646026831785345479e-01
6.646026831785345479e-01
6.656346749226006443e-01
6.656346749226006443e-01
6.656346749226006443e-01
6.656346749226006443e-01
6.656346749226006443e-01
6.656346749226006443e-01
6.656346749226006443e-01
6.656346749226006443e-01
6.656346749226006443e-01
6.656346749226006443e-01
6.656346749226006443e-01
6.656346749226006443e-01
6.666666666666666297e-01
6.666666666666666297e-01
6.666666666666666297e-01
6.666666666666666297e-01
6.676986584107327261e-01
6.676986584107327261e-01
6.687306501547987114e-01
6.687306501547987114e-01
6.697626418988648078e-01
6.697626418988648078e-01
6.707946336429309042e-01
6.707946336429309042e-01
6.707946336429309042e-01
6.707946336429309042e-01
6.718266253869968896e-01
6.718266253869968896e-01
6.728586171310629860e-01
6.728586171310629860e-01
6.728586171310629860e-01
6.728586171310629860e-01
6.728586171310629860e-01
6.728586171310629860e-01
6.728586171310629860e-01
6.728586171310629860e-01
6.738906088751289714e-01
6.738906088751289714e-01
6.738906088751289714e-01
6.738906088751289714e-01
6.738906088751289714e-01
6.738906088751289714e-01
6.749226006191950678e-01
6.749226006191950678e-01
6.749226006191950678e-01
6.749226006191950678e-01
6.749226006191950678e-01
6.749226006191950678e-01
6.749226006191950678e-01
6.749226006191950678e-01
6.759545923632610531e-01
6.759545923632610531e-01
6.769865841073271495e-01
6.769865841073271495e-01
6.769865841073271495e-01
6.769865841073271495e-01
6.780185758513931349e-01
6.780185758513931349e-01
6.790505675954592313e-01
6.790505675954592313e-01
6.800825593395253277e-01
6.800825593395253277e-01
6.811145510835913131e-01
6.811145510835913131e-01
6.821465428276574094e-01
6.821465428276574094e-01
6.831785345717233948e-01
6.831785345717233948e-01
6.831785345717233948e-01
6.831785345717233948e-01
6.831785345717233948e-01
6.831785345717233948e-01
6.831785345717233948e-01
6.831785345717233948e-01
6.842105263157894912e-01
6.842105263157894912e-01
6.842105263157894912e-01
6.842105263157894912e-01
6.852425180598554766e-01
6.852425180598554766e-01
6.862745098039215730e-01
6.862745098039215730e-01
6.862745098039215730e-01
6.862745098039215730e-01
6.862745098039215730e-01
6.862745098039215730e-01
6.862745098039215730e-01
6.862745098039215730e-01
6.862745098039215730e-01
6.862745098039215730e-01
6.873065015479876694e-01
6.873065015479876694e-01
6.883384932920536547e-01
6.883384932920536547e-01
6.883384932920536547e-01
6.883384932920536547e-01
6.893704850361197511e-01
6.893704850361197511e-01
6.893704850361197511e-01
6.893704850361197511e-01
6.904024767801857365e-01
6.904024767801857365e-01
6.914344685242518329e-01
6.914344685242518329e-01
6.924664602683178183e-01
6.924664602683178183e-01
6.924664602683178183e-01
6.924664602683178183e-01
6.924664602683178183e-01
6.924664602683178183e-01
6.924664602683178183e-01
6.924664602683178183e-01
6.924664602683178183e-01
6.924664602683178183e-01
6.934984520123839147e-01
6.934984520123839147e-01
6.945304437564499001e-01
6.945304437564499001e-01
6.955624355005159964e-01
6.955624355005159964e-01
6.965944272445820928e-01
6.965944272445820928e-01
6.965944272445820928e-01
6.965944272445820928e-01
6.965944272445820928e-01
6.965944272445820928e-01
6.976264189886480782e-01
6.976264189886480782e-01
6.976264189886480782e-01
6.976264189886480782e-01
6.976264189886480782e-01
6.976264189886480782e-01
6.986584107327141746e-01
6.986584107327141746e-01
6.996904024767801600e-01
6.996904024767801600e-01
7.007223942208462564e-01
7.007223942208462564e-01
7.017543859649122417e-01
7.017543859649122417e-01
7.027863777089783381e-01
7.027863777089783381e-01
7.038183694530443235e-01
7.038183694530443235e-01
7.048503611971104199e-01
7.048503611971104199e-01
7.048503611971104199e-01
7.058823529411765163e-01
7.058823529411765163e-01
7.069143446852425017e-01
7.069143446852425017e-01
7.069143446852425017e-01
7.069143446852425017e-01
7.069143446852425017e-01
7.069143446852425017e-01
7.079463364293085981e-01
7.079463364293085981e-01
7.089783281733745834e-01
7.089783281733745834e-01
7.089783281733745834e-01
7.089783281733745834e-01
7.100103199174406798e-01
7.100103199174406798e-01
7.110423116615066652e-01
7.110423116615066652e-01
7.110423116615066652e-01
7.110423116615066652e-01
7.120743034055727616e-01
7.120743034055727616e-01
7.120743034055727616e-01
7.120743034055727616e-01
7.131062951496388580e-01
7.131062951496388580e-01
7.141382868937048434e-01
7.141382868937048434e-01
7.141382868937048434e-01
7.141382868937048434e-01
7.141382868937048434e-01
7.141382868937048434e-01
7.151702786377709398e-01
7.151702786377709398e-01
7.162022703818369251e-01
7.162022703818369251e-01
7.162022703818369251e-01
7.162022703818369251e-01
7.172342621259030215e-01
7.172342621259030215e-01
7.182662538699690069e-01
7.182662538699690069e-01
7.192982456140351033e-01
7.192982456140351033e-01
7.192982456140351033e-01
7.192982456140351033e-01
7.192982456140351033e-01
7.192982456140351033e-01
7.192982456140351033e-01
7.192982456140351033e-01
7.192982456140351033e-01
7.192982456140351033e-01
7.203302373581010887e-01
7.203302373581010887e-01
7.203302373581010887e-01
7.203302373581010887e-01
7.203302373581010887e-01
7.203302373581010887e-01
7.213622291021671851e-01
7.213622291021671851e-01
7.213622291021671851e-01
7.213622291021671851e-01
7.213622291021671851e-01
7.213622291021671851e-01
7.213622291021671851e-01
7.213622291021671851e-01
7.213622291021671851e-01
7.213622291021671851e-01
7.213622291021671851e-01
7.213622291021671851e-01
7.213622291021671851e-01
7.213622291021671851e-01
7.223942208462332815e-01
7.223942208462332815e-01
7.234262125902992668e-01
7.234262125902992668e-01
7.234262125902992668e-01
7.234262125902992668e-01
7.244582043343653632e-01
7.244582043343653632e-01
7.244582043343653632e-01
7.244582043343653632e-01
7.254901960784313486e-01
7.254901960784313486e-01
7.254901960784313486e-01
7.254901960784313486e-01
7.254901960784313486e-01
7.254901960784313486e-01
7.265221878224974450e-01
7.265221878224974450e-01
7.275541795665634304e-01
7.275541795665634304e-01
7.285861713106295268e-01
7.285861713106295268e-01
7.285861713106295268e-01
7.285861713106295268e-01
7.296181630546955121e-01
7.296181630546955121e-01
7.296181630546955121e-01
7.296181630546955121e-01
7.306501547987616085e-01
7.306501547987616085e-01
7.316821465428277049e-01
7.316821465428277049e-01
7.327141382868936903e-01
7.327141382868936903e-01
7.337461300309597867e-01
7.337461300309597867e-01
7.347781217750257721e-01
7.347781217750257721e-01
7.347781217750257721e-01
7.347781217750257721e-01
7.347781217750257721e-01
7.347781217750257721e-01
7.358101135190918685e-01
7.358101135190918685e-01
7.368421052631578538e-01
7.368421052631578538e-01
7.368421052631578538e-01
7.368421052631578538e-01
7.368421052631578538e-01
7.378740970072239502e-01
7.378740970072239502e-01
7.389060887512899356e-01
7.389060887512899356e-01
7.389060887512899356e-01
7.389060887512899356e-01
7.389060887512899356e-01
7.389060887512899356e-01
7.389060887512899356e-01
7.389060887512899356e-01
7.399380804953560320e-01
7.399380804953560320e-01
7.409700722394221284e-01
7.409700722394221284e-01
7.420020639834881138e-01
7.420020639834881138e-01
7.430340557275542102e-01
7.430340557275542102e-01
7.440660474716201955e-01
7.440660474716201955e-01
7.440660474716201955e-01
7.440660474716201955e-01
7.440660474716201955e-01
7.440660474716201955e-01
7.440660474716201955e-01
7.440660474716201955e-01
7.440660474716201955e-01
7.440660474716201955e-01
7.450980392156862919e-01
7.450980392156862919e-01
7.461300309597522773e-01
7.461300309597522773e-01
7.471620227038183737e-01
7.471620227038183737e-01
7.481940144478844701e-01
7.481940144478844701e-01
7.492260061919504555e-01
7.492260061919504555e-01
7.502579979360165519e-01
7.502579979360165519e-01
7.502579979360165519e-01
7.502579979360165519e-01
7.512899896800825372e-01
7.512899896800825372e-01
7.523219814241486336e-01
7.523219814241486336e-01
7.533539731682146190e-01
7.533539731682146190e-01
7.533539731682146190e-01
7.533539731682146190e-01
7.543859649122807154e-01
7.543859649122807154e-01
7.554179566563467008e-01
7.554179566563467008e-01
7.564499484004127972e-01
7.564499484004127972e-01
7.564499484004127972e-01
7.564499484004127972e-01
7.574819401444788936e-01
7.574819401444788936e-01
7.585139318885448789e-01
7.585139318885448789e-01
7.585139318885448789e-01
7.585139318885448789e-01
7.595459236326109753e-01
7.595459236326109753e-01
7.605779153766769607e-01
7.605779153766769607e-01
7.605779153766769607e-01
7.605779153766769607e-01
7.605779153766769607e-01
7.605779153766769607e-01
7.616099071207430571e-01
7.616099071207430571e-01
7.616099071207430571e-01
7.616099071207430571e-01
7.626418988648090425e-01
7.626418988648090425e-01
7.626418988648090425e-01
7.626418988648090425e-01
7.636738906088751389e-01
7.636738906088751389e-01
7.636738906088751389e-01
7.636738906088751389e-01
7.636738906088751389e-01
7.636738906088751389e-01
7.636738906088751389e-01
7.636738906088751389e-01
7.636738906088751389e-01
7.636738906088751389e-01
7.647058823529411242e-01
7.647058823529411242e-01
7.647058823529411242e-01
7.647058823529411242e-01
7.657378740970072206e-01
7.657378740970072206e-01
7.667698658410733170e-01
7.667698658410733170e-01
7.667698658410733170e-01
7.667698658410733170e-01
7.667698658410733170e-01
7.667698658410733170e-01
7.678018575851393024e-01
7.678018575851393024e-01
7.678018575851393024e-01
7.678018575851393024e-01
7.678018575851393024e-01
7.678018575851393024e-01
7.678018575851393024e-01
7.678018575851393024e-01
7.688338493292053988e-01
7.688338493292053988e-01
7.688338493292053988e-01
7.688338493292053988e-01
7.688338493292053988e-01
7.688338493292053988e-01
7.688338493292053988e-01
7.688338493292053988e-01
7.688338493292053988e-01
7.688338493292053988e-01
7.698658410732713842e-01
7.698658410732713842e-01
7.708978328173374805e-01
7.708978328173374805e-01
7.719298245614034659e-01
7.719298245614034659e-01
7.719298245614034659e-01
7.719298245614034659e-01
7.719298245614034659e-01
7.719298245614034659e-01
7.719298245614034659e-01
7.719298245614034659e-01
7.719298245614034659e-01
7.719298245614034659e-01
7.719298245614034659e-01
7.719298245614034659e-01
7.719298245614034659e-01
7.719298245614034659e-01
7.729618163054695623e-01
7.729618163054695623e-01
7.729618163054695623e-01
7.729618163054695623e-01
7.729618163054695623e-01
7.729618163054695623e-01
7.739938080495356587e-01
7.739938080495356587e-01
7.750257997936016441e-01
7.750257997936016441e-01
7.760577915376677405e-01
7.760577915376677405e-01
7.770897832817337259e-01
7.770897832817337259e-01
7.770897832817337259e-01
7.770897832817337259e-01
7.770897832817337259e-01
7.770897832817337259e-01
7.770897832817337259e-01
7.770897832817337259e-01
7.781217750257998222e-01
7.781217750257998222e-01
7.781217750257998222e-01
7.781217750257998222e-01
7.791537667698658076e-01
7.791537667698658076e-01
7.791537667698658076e-01
7.791537667698658076e-01
7.791537667698658076e-01
7.791537667698658076e-01
7.791537667698658076e-01
7.791537667698658076e-01
7.791537667698658076e-01
7.791537667698658076e-01
7.791537667698658076e-01
7.791537667698658076e-01
7.801857585139319040e-01
7.801857585139319040e-01
7.801857585139319040e-01
7.801857585139319040e-01
7.812177502579978894e-01
7.812177502579978894e-01
7.822497420020639858e-01
7.822497420020639858e-01
7.832817337461300822e-01
7.832817337461300822e-01
7.832817337461300822e-01
7.832817337461300822e-01
7.853457172342621639e-01
7.853457172342621639e-01
7.863777089783281493e-01
7.863777089783281493e-01
7.863777089783281493e-01
7.863777089783281493e-01
7.863777089783281493e-01
7.863777089783281493e-01
7.863777089783281493e-01
7.863777089783281493e-01
7.874097007223942457e-01
7.874097007223942457e-01
7.874097007223942457e-01
7.874097007223942457e-01
7.884416924664602311e-01
7.884416924664602311e-01
7.894736842105263275e-01
7.894736842105263275e-01
7.894736842105263275e-01
7.894736842105263275e-01
7.894736842105263275e-01
7.894736842105263275e-01
7.905056759545923128e-01
7.905056759545923128e-01
7.915376676986584092e-01
7.915376676986584092e-01
7.925696594427245056e-01
7.925696594427245056e-01
7.925696594427245056e-01
7.925696594427245056e-01
7.925696594427245056e-01
7.925696594427245056e-01
7.925696594427245056e-01
7.925696594427245056e-01
7.925696594427245056e-01
7.925696594427245056e-01
7.925696594427245056e-01
7.925696594427245056e-01
7.936016511867904910e-01
7.936016511867904910e-01
7.936016511867904910e-01
7.936016511867904910e-01
7.936016511867904910e-01
7.936016511867904910e-01
7.936016511867904910e-01
7.936016511867904910e-01
7.936016511867904910e-01
7.936016511867904910e-01
7.946336429308565874e-01
7.946336429308565874e-01
7.946336429308565874e-01
7.946336429308565874e-01
7.956656346749225728e-01
7.956656346749225728e-01
7.956656346749225728e-01
7.956656346749225728e-01
7.966976264189886692e-01
7.966976264189886692e-01
7.977296181630546545e-01
7.977296181630546545e-01
7.987616099071207509e-01
7.987616099071207509e-01
7.987616099071207509e-01
7.987616099071207509e-01
7.987616099071207509e-01
7.987616099071207509e-01
7.987616099071207509e-01
7.987616099071207509e-01
7.987616099071207509e-01
7.987616099071207509e-01
7.987616099071207509e-01
7.987616099071207509e-01
7.987616099071207509e-01
7.987616099071207509e-01
7.997936016511867363e-01
7.997936016511867363e-01
8.008255933952528327e-01
8.008255933952528327e-01
8.008255933952528327e-01
8.008255933952528327e-01
8.008255933952528327e-01
8.008255933952528327e-01
8.008255933952528327e-01
8.008255933952528327e-01
8.018575851393189291e-01
8.018575851393189291e-01
8.018575851393189291e-01
8.018575851393189291e-01
8.018575851393189291e-01
8.018575851393189291e-01
8.018575851393189291e-01
8.018575851393189291e-01
8.028895768833849145e-01
8.028895768833849145e-01
8.028895768833849145e-01
8.028895768833849145e-01
8.028895768833849145e-01
8.028895768833849145e-01
8.039215686274510109e-01
8.039215686274510109e-01
8.049535603715169962e-01
8.049535603715169962e-01
8.049535603715169962e-01
8.049535603715169962e-01
8.059855521155830926e-01
8.059855521155830926e-01
8.059855521155830926e-01
8.059855521155830926e-01
8.070175438596490780e-01
8.070175438596490780e-01
8.080495356037151744e-01
8.080495356037151744e-01
8.090815273477812708e-01
8.090815273477812708e-01
8.101135190918472562e-01
8.101135190918472562e-01
8.111455108359133526e-01
8.111455108359133526e-01
8.121775025799793379e-01
8.121775025799793379e-01
8.121775025799793379e-01
8.121775025799793379e-01
8.121775025799793379e-01
8.121775025799793379e-01
8.121775025799793379e-01
8.121775025799793379e-01
8.132094943240454343e-01
8.132094943240454343e-01
8.142414860681114197e-01
8.142414860681114197e-01
8.152734778121775161e-01
8.152734778121775161e-01
8.152734778121775161e-01
8.152734778121775161e-01
8.163054695562435015e-01
8.163054695562435015e-01
8.163054695562435015e-01
8.163054695562435015e-01
8.173374613003095979e-01
8.173374613003095979e-01
8.183694530443756943e-01
8.183694530443756943e-01
8.183694530443756943e-01
8.183694530443756943e-01
8.183694530443756943e-01
8.183694530443756943e-01
8.183694530443756943e-01
8.183694530443756943e-01
8.183694530443756943e-01
8.183694530443756943e-01
8.194014447884416796e-01
8.194014447884416796e-01
8.194014447884416796e-01
8.194014447884416796e-01
8.204334365325077760e-01
8.204334365325077760e-01
8.204334365325077760e-01
8.204334365325077760e-01
8.214654282765737614e-01
8.214654282765737614e-01
8.214654282765737614e-01
8.214654282765737614e-01
8.214654282765737614e-01
8.214654282765737614e-01
8.214654282765737614e-01
8.214654282765737614e-01
8.214654282765737614e-01
8.214654282765737614e-01
8.214654282765737614e-01
8.214654282765737614e-01
8.214654282765737614e-01
8.214654282765737614e-01
8.224974200206398578e-01
8.224974200206398578e-01
8.224974200206398578e-01
8.224974200206398578e-01
8.224974200206398578e-01
8.224974200206398578e-01
8.235294117647058432e-01
8.235294117647058432e-01
8.235294117647058432e-01
8.235294117647058432e-01
8.245614035087719396e-01
8.245614035087719396e-01
8.255933952528379249e-01
8.255933952528379249e-01
8.255933952528379249e-01
8.255933952528379249e-01
8.255933952528379249e-01
8.255933952528379249e-01
8.255933952528379249e-01
8.255933952528379249e-01
8.255933952528379249e-01
8.255933952528379249e-01
8.266253869969040213e-01
8.266253869969040213e-01
8.266253869969040213e-01
8.266253869969040213e-01
8.276573787409701177e-01
8.276573787409701177e-01
8.276573787409701177e-01
8.276573787409701177e-01
8.286893704850361031e-01
8.286893704850361031e-01
8.286893704850361031e-01
8.286893704850361031e-01
8.286893704850361031e-01
8.286893704850361031e-01
8.286893704850361031e-01
8.286893704850361031e-01
8.297213622291021995e-01
8.297213622291021995e-01
8.307533539731681849e-01
8.307533539731681849e-01
8.307533539731681849e-01
8.307533539731681849e-01
8.307533539731681849e-01
8.307533539731681849e-01
8.317853457172342813e-01
8.317853457172342813e-01
8.317853457172342813e-01
8.317853457172342813e-01
8.317853457172342813e-01
8.317853457172342813e-01
8.328173374613002666e-01
8.328173374613002666e-01
8.328173374613002666e-01
8.328173374613002666e-01
8.328173374613002666e-01
8.328173374613002666e-01
8.328173374613002666e-01
8.328173374613002666e-01
8.328173374613002666e-01
8.328173374613002666e-01
8.338493292053663630e-01
8.338493292053663630e-01
8.338493292053663630e-01
8.338493292053663630e-01
8.348813209494324594e-01
8.348813209494324594e-01
8.359133126934984448e-01
8.359133126934984448e-01
8.359133126934984448e-01
8.359133126934984448e-01
8.369453044375645412e-01
8.369453044375645412e-01
8.379772961816305266e-01
8.379772961816305266e-01
8.379772961816305266e-01
8.379772961816305266e-01
8.390092879256966230e-01
8.390092879256966230e-01
8.390092879256966230e-01
8.390092879256966230e-01
8.390092879256966230e-01
8.390092879256966230e-01
8.390092879256966230e-01
8.390092879256966230e-01
8.390092879256966230e-01
8.390092879256966230e-01
8.390092879256966230e-01
8.390092879256966230e-01
8.390092879256966230e-01
8.390092879256966230e-01
8.400412796697626083e-01
8.400412796697626083e-01
8.410732714138287047e-01
8.410732714138287047e-01
8.410732714138287047e-01
8.410732714138287047e-01
8.421052631578946901e-01
8.421052631578946901e-01
8.421052631578946901e-01
8.421052631578946901e-01
8.421052631578946901e-01
8.421052631578946901e-01
8.431372549019607865e-01
8.431372549019607865e-01
8.441692466460268829e-01
8.441692466460268829e-01
8.441692466460268829e-01
8.441692466460268829e-01
8.452012383900928683e-01
8.452012383900928683e-01
8.452012383900928683e-01
8.452012383900928683e-01
8.462332301341589647e-01
8.462332301341589647e-01
8.462332301341589647e-01
8.462332301341589647e-01
8.462332301341589647e-01
8.462332301341589647e-01
8.472652218782249500e-01
8.472652218782249500e-01
8.472652218782249500e-01
8.472652218782249500e-01
8.472652218782249500e-01
8.472652218782249500e-01
8.472652218782249500e-01
8.472652218782249500e-01
8.472652218782249500e-01
8.472652218782249500e-01
8.472652218782249500e-01
8.472652218782249500e-01
8.472652218782249500e-01
8.472652218782249500e-01
8.472652218782249500e-01
8.472652218782249500e-01
8.482972136222910464e-01
8.482972136222910464e-01
8.482972136222910464e-01
8.482972136222910464e-01
8.493292053663570318e-01
8.493292053663570318e-01
8.493292053663570318e-01
8.493292053663570318e-01
8.493292053663570318e-01
8.493292053663570318e-01
8.493292053663570318e-01
8.493292053663570318e-01
8.493292053663570318e-01
8.493292053663570318e-01
8.493292053663570318e-01
8.493292053663570318e-01
8.493292053663570318e-01
8.493292053663570318e-01
8.493292053663570318e-01
8.493292053663570318e-01
8.493292053663570318e-01
8.493292053663570318e-01
8.503611971104231282e-01
8.503611971104231282e-01
8.503611971104231282e-01
8.503611971104231282e-01
8.503611971104231282e-01
8.503611971104231282e-01
8.503611971104231282e-01
8.503611971104231282e-01
8.513931888544891136e-01
8.513931888544891136e-01
8.524251805985552100e-01
8.524251805985552100e-01
8.524251805985552100e-01
8.524251805985552100e-01
8.524251805985552100e-01
8.524251805985552100e-01
8.534571723426213063e-01
8.534571723426213063e-01
8.544891640866872917e-01
8.544891640866872917e-01
8.544891640866872917e-01
8.544891640866872917e-01
8.555211558307533881e-01
8.555211558307533881e-01
8.555211558307533881e-01
8.555211558307533881e-01
8.555211558307533881e-01
8.555211558307533881e-01
8.565531475748193735e-01
8.565531475748193735e-01
8.565531475748193735e-01
8.565531475748193735e-01
8.575851393188854699e-01
8.575851393188854699e-01
8.586171310629514553e-01
8.586171310629514553e-01
8.596491228070175517e-01
8.596491228070175517e-01
8.596491228070175517e-01
8.596491228070175517e-01
8.606811145510835370e-01
8.606811145510835370e-01
8.606811145510835370e-01
8.606811145510835370e-01
8.617131062951496334e-01
8.617131062951496334e-01
8.617131062951496334e-01
8.617131062951496334e-01
8.617131062951496334e-01
8.617131062951496334e-01
8.627450980392157298e-01
8.627450980392157298e-01
8.637770897832817152e-01
8.637770897832817152e-01
8.637770897832817152e-01
8.637770897832817152e-01
8.648090815273478116e-01
8.648090815273478116e-01
8.648090815273478116e-01
8.648090815273478116e-01
8.658410732714137970e-01
8.658410732714137970e-01
8.668730650154798933e-01
8.668730650154798933e-01
8.668730650154798933e-01
8.668730650154798933e-01
8.668730650154798933e-01
8.668730650154798933e-01
8.679050567595458787e-01
8.679050567595458787e-01
8.689370485036119751e-01
8.689370485036119751e-01
8.689370485036119751e-01
8.689370485036119751e-01
8.689370485036119751e-01
8.689370485036119751e-01
8.699690402476780715e-01
8.699690402476780715e-01
8.710010319917440569e-01
8.710010319917440569e-01
8.710010319917440569e-01
8.710010319917440569e-01
8.710010319917440569e-01
8.710010319917440569e-01
8.720330237358101533e-01
8.720330237358101533e-01
8.730650154798761386e-01
8.730650154798761386e-01
8.730650154798761386e-01
8.730650154798761386e-01
8.730650154798761386e-01
8.730650154798761386e-01
8.740970072239422350e-01
8.740970072239422350e-01
8.740970072239422350e-01
8.740970072239422350e-01
8.740970072239422350e-01
8.740970072239422350e-01
8.751289989680082204e-01
8.751289989680082204e-01
8.751289989680082204e-01
8.751289989680082204e-01
8.751289989680082204e-01
8.751289989680082204e-01
8.751289989680082204e-01
8.751289989680082204e-01
8.761609907120743168e-01
8.761609907120743168e-01
8.771929824561403022e-01
8.771929824561403022e-01
8.771929824561403022e-01
8.771929824561403022e-01
8.782249742002063986e-01
8.782249742002063986e-01
8.782249742002063986e-01
8.782249742002063986e-01
8.782249742002063986e-01
8.782249742002063986e-01
8.792569659442724950e-01
8.792569659442724950e-01
8.792569659442724950e-01
8.792569659442724950e-01
8.802889576883384803e-01
8.802889576883384803e-01
8.813209494324045767e-01
8.813209494324045767e-01
8.823529411764705621e-01
8.823529411764705621e-01
8.833849329205366585e-01
8.833849329205366585e-01
8.833849329205366585e-01
8.833849329205366585e-01
8.833849329205366585e-01
8.833849329205366585e-01
8.833849329205366585e-01
8.833849329205366585e-01
8.833849329205366585e-01
8.833849329205366585e-01
8.833849329205366585e-01
8.833849329205366585e-01
8.844169246646026439e-01
8.844169246646026439e-01
8.844169246646026439e-01
8.844169246646026439e-01
8.854489164086687403e-01
8.854489164086687403e-01
8.854489164086687403e-01
8.854489164086687403e-01
8.864809081527347256e-01
8.864809081527347256e-01
8.864809081527347256e-01
8.864809081527347256e-01
8.864809081527347256e-01
8.864809081527347256e-01
8.864809081527347256e-01
8.864809081527347256e-01
8.875128998968008220e-01
8.875128998968008220e-01
8.885448916408669184e-01
8.885448916408669184e-01
8.895768833849329038e-01
8.895768833849329038e-01
8.906088751289990002e-01
8.906088751289990002e-01
8.916408668730649856e-01
8.916408668730649856e-01
8.916408668730649856e-01
8.916408668730649856e-01
8.926728586171310820e-01
8.926728586171310820e-01
8.926728586171310820e-01
8.926728586171310820e-01
8.926728586171310820e-01
8.926728586171310820e-01
8.937048503611970673e-01
8.937048503611970673e-01
8.937048503611970673e-01
8.937048503611970673e-01
8.947368421052631637e-01
8.947368421052631637e-01
8.947368421052631637e-01
8.947368421052631637e-01
8.957688338493292601e-01
8.957688338493292601e-01
8.968008255933952455e-01
8.968008255933952455e-01
8.968008255933952455e-01
8.968008255933952455e-01
8.968008255933952455e-01
8.968008255933952455e-01
8.968008255933952455e-01
8.968008255933952455e-01
8.978328173374613419e-01
8.978328173374613419e-01
8.978328173374613419e-01
8.978328173374613419e-01
8.978328173374613419e-01
8.978328173374613419e-01
8.988648090815273273e-01
8.988648090815273273e-01
8.988648090815273273e-01
8.988648090815273273e-01
8.998968008255934237e-01
8.998968008255934237e-01
9.009287925696594090e-01
9.009287925696594090e-01
9.019607843137255054e-01
9.019607843137255054e-01
9.019607843137255054e-01
9.019607843137255054e-01
9.029927760577914908e-01
9.029927760577914908e-01
9.029927760577914908e-01
9.029927760577914908e-01
9.029927760577914908e-01
9.029927760577914908e-01
9.040247678018575872e-01
9.040247678018575872e-01
9.050567595459236836e-01
9.050567595459236836e-01
9.060887512899896690e-01
9.060887512899896690e-01
9.060887512899896690e-01
9.060887512899896690e-01
9.060887512899896690e-01
9.060887512899896690e-01
9.060887512899896690e-01
9.060887512899896690e-01
9.071207430340557654e-01
9.071207430340557654e-01
9.071207430340557654e-01
9.071207430340557654e-01
9.081527347781217507e-01
9.081527347781217507e-01
9.091847265221878471e-01
9.091847265221878471e-01
9.102167182662538325e-01
9.102167182662538325e-01
9.102167182662538325e-01
9.102167182662538325e-01
9.102167182662538325e-01
9.102167182662538325e-01
9.102167182662538325e-01
9.102167182662538325e-01
9.112487100103199289e-01
9.112487100103199289e-01
9.122807017543859143e-01
9.122807017543859143e-01
9.133126934984520107e-01
9.133126934984520107e-01
9.143446852425181071e-01
9.143446852425181071e-01
9.153766769865840924e-01
9.153766769865840924e-01
9.164086687306501888e-01
9.164086687306501888e-01
9.164086687306501888e-01
9.164086687306501888e-01
9.164086687306501888e-01
9.164086687306501888e-01
9.164086687306501888e-01
9.164086687306501888e-01
9.174406604747161742e-01
9.174406604747161742e-01
9.184726522187822706e-01
9.184726522187822706e-01
9.184726522187822706e-01
9.184726522187822706e-01
9.195046439628482560e-01
9.195046439628482560e-01
9.195046439628482560e-01
9.195046439628482560e-01
9.205366357069143524e-01
9.205366357069143524e-01
9.205366357069143524e-01
9.205366357069143524e-01
9.205366357069143524e-01
9.205366357069143524e-01
9.215686274509803377e-01
9.215686274509803377e-01
9.215686274509803377e-01
9.215686274509803377e-01
9.215686274509803377e-01
9.215686274509803377e-01
9.215686274509803377e-01
9.215686274509803377e-01
9.215686274509803377e-01
9.215686274509803377e-01
9.226006191950464341e-01
9.226006191950464341e-01
9.226006191950464341e-01
9.226006191950464341e-01
9.236326109391125305e-01
9.236326109391125305e-01
9.236326109391125305e-01
9.236326109391125305e-01
9.236326109391125305e-01
9.236326109391125305e-01
9.236326109391125305e-01
9.236326109391125305e-01
9.246646026831785159e-01
9.246646026831785159e-01
9.246646026831785159e-01
9.246646026831785159e-01
9.246646026831785159e-01
9.246646026831785159e-01
9.256965944272446123e-01
9.256965944272446123e-01
9.267285861713105977e-01
9.267285861713105977e-01
9.267285861713105977e-01
9.267285861713105977e-01
9.277605779153766941e-01
9.277605779153766941e-01
9.277605779153766941e-01
9.277605779153766941e-01
9.277605779153766941e-01
9.277605779153766941e-01
9.277605779153766941e-01
9.277605779153766941e-01
9.277605779153766941e-01
9.277605779153766941e-01
9.287925696594426794e-01
9.287925696594426794e-01
9.287925696594426794e-01
9.287925696594426794e-01
9.298245614035087758e-01
9.298245614035087758e-01
9.308565531475748722e-01
9.308565531475748722e-01
9.308565531475748722e-01
9.308565531475748722e-01
9.318885448916408576e-01
9.318885448916408576e-01
9.318885448916408576e-01
9.318885448916408576e-01
9.318885448916408576e-01
9.318885448916408576e-01
9.329205366357069540e-01
9.329205366357069540e-01
9.329205366357069540e-01
9.329205366357069540e-01
9.329205366357069540e-01
9.329205366357069540e-01
9.329205366357069540e-01
9.329205366357069540e-01
9.339525283797729394e-01
9.339525283797729394e-01
9.349845201238390358e-01
9.349845201238390358e-01
9.349845201238390358e-01
9.349845201238390358e-01
9.349845201238390358e-01
9.349845201238390358e-01
9.349845201238390358e-01
9.349845201238390358e-01
9.360165118679050211e-01
9.360165118679050211e-01
9.360165118679050211e-01
9.360165118679050211e-01
9.370485036119711175e-01
9.370485036119711175e-01
9.380804953560371029e-01
9.380804953560371029e-01
9.380804953560371029e-01
9.380804953560371029e-01
9.380804953560371029e-01
9.380804953560371029e-01
9.380804953560371029e-01
9.380804953560371029e-01
9.391124871001031993e-01
9.391124871001031993e-01
9.391124871001031993e-01
9.391124871001031993e-01
9.391124871001031993e-01
9.391124871001031993e-01
9.401444788441692957e-01
9.401444788441692957e-01
9.411764705882352811e-01
9.411764705882352811e-01
9.411764705882352811e-01
9.411764705882352811e-01
9.411764705882352811e-01
9.411764705882352811e-01
9.411764705882352811e-01
9.411764705882352811e-01
9.411764705882352811e-01
9.411764705882352811e-01
9.411764705882352811e-01
9.411764705882352811e-01
9.422084623323013775e-01
9.422084623323013775e-01
9.422084623323013775e-01
9.422084623323013775e-01
9.422084623323013775e-01
9.422084623323013775e-01
9.432404540763673628e-01
9.432404540763673628e-01
9.432404540763673628e-01
9.432404540763673628e-01
9.442724458204334592e-01
9.442724458204334592e-01
9.442724458204334592e-01
9.442724458204334592e-01
9.442724458204334592e-01
9.442724458204334592e-01
9.442724458204334592e-01
9.442724458204334592e-01
9.442724458204334592e-01
9.442724458204334592e-01
9.442724458204334592e-01
9.442724458204334592e-01
9.442724458204334592e-01
9.442724458204334592e-01
9.442724458204334592e-01
9.442724458204334592e-01
9.453044375644994446e-01
9.453044375644994446e-01
9.453044375644994446e-01
9.453044375644994446e-01
9.463364293085655410e-01
9.463364293085655410e-01
9.473684210526315264e-01
9.473684210526315264e-01
9.484004127966976228e-01
9.484004127966976228e-01
9.484004127966976228e-01
9.484004127966976228e-01
9.484004127966976228e-01
9.484004127966976228e-01
9.484004127966976228e-01
9.484004127966976228e-01
9.484004127966976228e-01
9.484004127966976228e-01
9.494324045407637191e-01
9.494324045407637191e-01
9.494324045407637191e-01
9.494324045407637191e-01
9.494324045407637191e-01
9.494324045407637191e-01
9.494324045407637191e-01
9.494324045407637191e-01
9.494324045407637191e-01
9.494324045407637191e-01
9.504643962848297045e-01
9.504643962848297045e-01
9.514963880288958009e-01
9.514963880288958009e-01
9.525283797729617863e-01
9.525283797729617863e-01
9.535603715170278827e-01
9.535603715170278827e-01
9.535603715170278827e-01
9.535603715170278827e-01
9.545923632610938681e-01
9.545923632610938681e-01
9.545923632610938681e-01
9.545923632610938681e-01
9.556243550051599644e-01
9.556243550051599644e-01
9.556243550051599644e-01
9.566563467492260608e-01
9.566563467492260608e-01
9.576883384932920462e-01
9.576883384932920462e-01
9.576883384932920462e-01
9.576883384932920462e-01
9.576883384932920462e-01
9.587203302373581426e-01
9.587203302373581426e-01
9.597523219814241280e-01
9.597523219814241280e-01
9.607843137254902244e-01
9.607843137254902244e-01
9.607843137254902244e-01
9.607843137254902244e-01
9.618163054695562098e-01
9.618163054695562098e-01
9.618163054695562098e-01
9.618163054695562098e-01
9.618163054695562098e-01
9.618163054695562098e-01
9.618163054695562098e-01
9.618163054695562098e-01
9.618163054695562098e-01
9.618163054695562098e-01
9.618163054695562098e-01
9.618163054695562098e-01
9.628482972136223061e-01
9.628482972136223061e-01
9.628482972136223061e-01
9.628482972136223061e-01
9.638802889576882915e-01
9.638802889576882915e-01
9.649122807017543879e-01
9.649122807017543879e-01
9.659442724458204843e-01
9.659442724458204843e-01
9.659442724458204843e-01
9.659442724458204843e-01
9.659442724458204843e-01
9.659442724458204843e-01
9.659442724458204843e-01
9.659442724458204843e-01
9.659442724458204843e-01
9.659442724458204843e-01
9.659442724458204843e-01
9.659442724458204843e-01
9.669762641898864697e-01
9.669762641898864697e-01
9.680082559339525661e-01
9.680082559339525661e-01
9.680082559339525661e-01
9.680082559339525661e-01
9.690402476780185514e-01
9.690402476780185514e-01
9.700722394220846478e-01
9.700722394220846478e-01
9.711042311661506332e-01
9.711042311661506332e-01
9.721362229102167296e-01
9.721362229102167296e-01
9.731682146542827150e-01
9.731682146542827150e-01
9.742002063983488114e-01
9.742002063983488114e-01
9.742002063983488114e-01
9.742002063983488114e-01
9.742002063983488114e-01
9.742002063983488114e-01
9.752321981424149078e-01
9.752321981424149078e-01
9.752321981424149078e-01
9.752321981424149078e-01
9.752321981424149078e-01
9.752321981424149078e-01
9.752321981424149078e-01
9.752321981424149078e-01
9.762641898864808931e-01
9.762641898864808931e-01
9.772961816305469895e-01
9.772961816305469895e-01
9.783281733746129749e-01
9.783281733746129749e-01
9.793601651186790713e-01
9.793601651186790713e-01
9.803921568627450567e-01
9.803921568627450567e-01
9.814241486068111531e-01
9.814241486068111531e-01
9.824561403508771384e-01
9.824561403508771384e-01
9.834881320949432348e-01
9.834881320949432348e-01
9.845201238390093312e-01
9.845201238390093312e-01
9.855521155830753166e-01
9.855521155830753166e-01
9.865841073271414130e-01
9.865841073271414130e-01
9.876160990712073984e-01
9.876160990712073984e-01
9.886480908152734948e-01
9.886480908152734948e-01
9.896800825593394801e-01
9.896800825593394801e-01
9.907120743034055765e-01
9.907120743034055765e-01
9.917440660474716729e-01
9.917440660474716729e-01
9.927760577915376583e-01
9.927760577915376583e-01
9.938080495356037547e-01
9.938080495356037547e-01
9.948400412796697401e-01
9.948400412796697401e-01
9.948400412796697401e-01
9.948400412796697401e-01
9.958720330237358365e-01
9.958720330237358365e-01
9.969040247678018218e-01
9.969040247678018218e-01
9.979360165118679182e-01
9.979360165118679182e-01
9.989680082559339036e-01
9.989680082559339036e-01
1.000000000000000000e+00
1.000000000000000000e+00
